599.5400633128 339.4464926736
599.5907084808 339.4153756163
599.7087645238 339.1745102940
599.8798344134 338.9027586755
599.7324180406 339.2374656472
599.7268259771 339.1931264196
599.7870959427 339.1662351755
599.7870959427 339.1662351755
599.7870959427 339.1662351755
599.5733445215 339.3928728383
599.4527318066 339.4443351252
599.4527318066 339.4443351252
599.4680114625 339.4478767166
599.4749236027 339.3769167792
599.5318385451 339.3626102238
599.5318385451 339.3626102238
599.5318385451 339.3626102238
599.5318385451 339.3626102238
599.5318385451 339.3626102238
599.5318385451 339.3626102238
599.5155420665 339.3795778410
599.5155420665 339.3795778410
599.5155420665 339.3795778410
599.5155420665 339.3795778410
599.5155420665 339.3795778410
599.5155420665 339.3795778410
599.5155420665 339.3795778410
599.4910219264 339.3704785968
599.4910219264 339.3704785968
599.5047649703 339.3771930197
599.5047649703 339.3771930197
599.5047649703 339.3771930197
599.5047649703 339.3771930197
599.5047649703 339.3771930197
599.5047649703 339.3771930197
599.5047649703 339.3771930197
599.5750857097 339.6062158404
599.5750857097 339.6062158404
599.5750857097 339.6062158404
599.5750857097 339.6062158404
599.5750857097 339.6062158404
599.5750857097 339.6062158404
599.5750857097 339.6062158404
599.5750857097 339.6062158404
599.5750857097 339.6062158404
599.5750857097 339.6062158404
599.5750857097 339.6062158404
599.5750857097 339.6062158404
599.5750857097 339.6062158404
599.5750857097 339.6062158404
599.5750857097 339.6062158404
599.5750857097 339.6062158404
599.5750857097 339.6062158404
599.5750857097 339.6062158404
599.5750857097 339.6062158404
599.5750857097 339.6062158404
599.5750857097 339.6062158404
599.5750857097 339.6062158404
599.5750857097 339.6062158404
599.5750857097 339.6062158404
599.5750857097 339.6062158404
599.5750857097 339.6062158404
599.5750857097 339.6062158404
599.5750857097 339.6062158404
599.5750857097 339.6062158404
599.5750857097 339.6062158404
599.5750857097 339.6062158404
599.4828524386 339.4297450471
599.4820835360 339.4318022588
599.3905072786 339.3748112538
599.3905072786 339.3748112538
599.4829258645 339.3781134634
599.4874346364 339.4318284748
599.4874346364 339.4318284748
599.4255929463 339.4457162845
599.4255929463 339.4457162845
599.4255929463 339.4457162845
599.4615144880 339.4195999254
599.4615144880 339.4195999254
599.5034550741 339.3833930445
599.5034550741 339.3833930445
599.5034550741 339.3833930445
599.5034550741 339.3833930445
599.5034550741 339.3833930445
599.5034550741 339.3833930445
599.4173542976 339.4320238593
599.4173542976 339.4320238593
599.5235866404 339.4097523857
599.5235866404 339.4097523857
599.4799565021 339.4169194044
599.4604589904 339.3694032803
599.4604589904 339.3694032803
599.4604589904 339.3694032803
599.4604589904 339.3694032803
599.5905913539 339.3757338648
599.5185567593 339.3739330966
599.5185567593 339.3739330966
599.4751731047 339.3700461977
599.5015691739 339.3919490636
599.5015691739 339.3919490636
