597.9261258171 350.0191477111
595.9229634072 350.1246350191
593.9105621944 350.2345436521
591.9087370217 350.3749301141
589.9733408740 350.4936322348
587.9153934149 350.6225377749
585.9254064562 350.7286859216
583.8784957170 350.8924173670
581.8647107795 351.0501298811
579.8749165755 351.1928446887
577.9161653237 351.2873254018
575.9548112063 351.2882764073
573.9217923882 351.2354931699
571.9251888943 351.1409288310
570.0529112593 351.0103911163
568.1229193386 350.9926365748
566.1498941756 351.0033354274
564.1226338960 350.8680939332
562.1364055485 350.7562403533
560.1098600388 350.5072999101
558.1461969000 350.3107788941
556.1597693921 350.1892039566
554.1501231200 349.9933434916
552.1323027715 349.8577492460
550.1318734805 349.7597087584
548.2123951117 349.6771991736
546.1569816356 349.6228326216
544.2155770053 349.6335458588
542.1653738827 349.6722521202
540.1504308417 349.6714938255
538.1524563917 349.6305356025
536.1099611008 349.4208735033
534.1273552803 349.2913906982
532.1474594739 349.1010794928
530.1391677367 348.9129220733
528.1926376530 348.7788132610
526.1762871929 348.7219680014
524.1996785049 348.6048686108
522.2203177841 348.5117813587
520.3435572472 348.3071803002
518.3441709721 348.2078989024
516.3905761197 348.2018118847
514.4332471824 348.1842090786
512.3827987508 348.0011483979
510.4032794913 347.7441347385
508.5445774340 347.4253102972
506.6096815314 347.0731259209
504.7287138198 346.6988714911
502.7475542207 346.2721681281
500.8167355404 345.8157548012
498.8820888307 345.3751450771
496.9466499206 344.9642624133
495.0063611586 344.6269749152
493.0297605681 344.2398729666
491.1285383513 343.9395321804
489.1959152800 343.6509081139
487.1960436487 343.3276604952
485.2145802148 343.0711364825
483.2486726390 342.7018100393
481.3315587684 342.2680394218
479.4183122090 341.7838108674
477.4974872874 341.2921948584
475.6198457977 340.8665425834
473.6570535408 340.4475533652
471.6657182174 340.0536391447
469.7079054899 339.6993068740
467.7672305845 339.3273599590
465.8433371169 338.9227576666
463.9005075789 338.4644452888
461.8981181593 338.0897965385
459.9590592897 337.7277682162
458.0316996627 337.3749017328
456.0106074613 336.7403966421
454.1108396788 336.2874295989
452.1317837381 335.8780267874
450.0743104374 335.5048069558
448.0725580535 335.0882806745
446.1525463498 334.6684957917
444.1781441450 334.3911195593
442.2264597464 334.2948612480
440.1922879663 334.1035289848
438.2221675413 333.8990430928
436.2277022325 333.6616696848
434.2986003907 333.3400430813
432.3246610320 333.0005923241
430.3434715446 332.6330806136
428.3931336032 332.3129176988
426.3944126290 331.9840438328
424.5294365980 331.6883130066
422.4742167462 331.3373709680
420.5255173077 330.8430810743
418.6229863964 330.2859066064
416.7486010401 329.6339094625
414.7943359170 328.9304247609
412.8466146002 328.2498311689
410.9358016656 327.5499975354
409.0358596639 326.9724919238
407.1405649788 326.3573959181
405.2035321473 325.6705894558
403.3464538709 325.0076637167
401.3851705209 324.4392911594
399.5260443440 323.8640277950
397.5933335667 323.2022379515
395.7374996393 322.5725183071
393.8669440102 321.9386993287
391.9929108168 321.3248894130
390.1370312007 320.6655613220
388.2560702510 319.9312479853
386.3560217697 319.2868288695
384.4595115266 318.7514479422
382.5830830948 318.1822997620
380.6903712077 317.4983521267
378.8210261134 316.8706405937
376.9148080492 316.2838631243
374.9923900856 315.7375513184
373.0376264686 315.1806353387
371.1301188299 314.6820321110
369.2403322646 314.1490250433
367.3028991068 313.5121132251
365.4258941740 312.9036057030
363.4782905111 312.3119240973
361.5345785054 311.7960197887
359.6946262359 311.2766793188
357.7677806827 310.6989652281
355.9332823787 309.9710609088
354.0582487017 309.3486327200
352.1217432164 308.7164355883
350.1709298259 308.1708097809
348.3174471027 307.5690077812
346.3630528592 307.0159087008
344.4315635774 306.4011334226
342.5438041682 305.6717222192
340.6849638873 304.9780074666
338.7452556909 304.3864276670
336.8651875673 303.7815031716
334.9554614794 303.2050093198
333.1376055971 302.6226279593
331.2038472421 302.0153618283
329.3774303108 301.4399266627
327.4598466846 300.8012693671
325.5843765922 300.1797233482
323.6401447635 299.5295331788
321.7239397193 298.9046125886
319.7826184912 298.2941737918
317.8809099445 297.7359629853
316.0175104559 297.1305562417
314.1407228450 296.5430779258
312.2373064492 295.9827079561
310.3581143387 295.5397098936
308.4242687728 294.8985881802
306.4824596574 294.2523825525
304.5522534130 293.7241992605
302.6095392210 293.0650487969
300.7335740509 292.4605016826
298.8939684983 291.8296800938
296.9802479546 291.2655728727
295.0549589509 290.6916306448
293.2056600629 290.1192448250
291.3267211083 289.4516438237
289.4102733128 288.7012599613
287.5851001014 287.9237653728
285.7201557493 287.1472537790
283.8779148694 286.3683105897
282.0975613429 285.4693247232
280.3494813924 284.6714980073
278.4839787505 283.8878383132
276.6094904723 283.1359922915
274.7046772395 282.4518452734
272.8095212393 281.7853894602
270.9763331725 281.0173932195
269.1086219686 280.3002325608
267.2346083435 279.6268045078
265.2773090578 278.8954550709
263.3775056363 278.2108789086
261.5362337710 277.5536451129
259.5610163561 276.9027073137
257.7180844293 276.2018881041
255.7961096545 275.4911710046
253.9093647451 274.8607407337
252.0604089259 274.3087778029
250.2026284216 273.6694063910
248.3165686010 273.0791810978
246.4028152434 272.5070980754
244.4872192108 271.9275925219
242.6053330258 271.3392783299
240.7403713649 270.6143354648
238.8757677066 269.9830809888
236.9765440115 269.3694795550
235.1645722780 268.7757224918
233.2410219342 268.1699587446
231.3235443378 267.5513201727
229.4993081612 266.9468807235
228.5252160287 267.1655790948
227.7909812907 267.8447373533
227.4878493144 268.8190062003
226.9264241037 270.6969310204
226.3549668626 272.6347752918
225.8407128518 274.5999004576
225.1855341039 276.5613476939
224.6896044570 278.4522660682
224.1279645869 280.4096896583
223.5594605451 282.3886579316
222.9440031955 284.3226357917
222.3139317571 286.2856286543
221.7157600802 288.2550066047
221.1306416159 290.1365673544
220.5590387307 292.0742245366
220.0431115721 293.9569517439
219.5004085003 295.8866367579
219.0189436110 297.8632338977
218.4062959653 299.8938641950
217.8976931025 301.8441514012
217.3226639351 303.7761963545
216.6573615783 305.6607353759
215.8966666373 306.3287719508
214.9296868607 306.5236807000
213.9700922096 306.1756594438
212.0799816124 305.5324676344
210.2126665190 304.8813556261
208.4405654969 304.2369635859
206.5885965948 303.6485576081
204.6864856864 303.0759476660
202.7279454477 302.4538261964
200.8155444676 301.8682062863
198.8696507741 301.3260229287
196.9710560662 300.7436195853
195.0487658355 300.1553372427
193.0330325575 299.6255033895
191.1051595786 299.0051633311
189.1365869798 298.3981099918
187.2710711341 297.7710326222
185.2144283321 297.1593924101
183.2839795090 296.5678287631
181.3313616713 295.9709340950
179.2071669062 295.3943420320
177.3247849159 294.8691309320
175.4527589322 294.2316466012
173.4576867322 293.8140784369
171.6034682836 293.1713902602
169.6221608010 292.6654375068
167.8049762562 292.1214641112
165.9002904826 291.5560072515
163.8648512264 291.0525022991
161.9351499165 290.4228714583
159.9675531767 289.9263573380
157.8579349012 289.2159981546
155.8921620564 288.6839728938
153.9206376501 288.0774179199
151.9222184025 287.3851059394
150.0681894357 287.0311742895
148.0810491030 286.5278618439
146.1406962175 286.1639264326
144.2866533170 285.5793467664
142.3331434484 284.8371669256
140.4330668987 284.4048133660
138.5588762969 283.7019306222
136.6492787127 283.1122002938
134.7024800452 282.6542197181
132.8191076458 282.0831947487
131.1073721525 281.5077869599
129.2416518826 280.9130879903
127.2955039164 280.3315151854
126.5999982361 279.6139078589
126.3489865508 278.6552102325
126.6410688444 277.6996481449
127.1673044448 275.7353603738
127.7263254469 273.8867108375
128.3036861094 272.0009157172
128.8882201816 270.0370723147
129.5031513132 268.1391070225
130.1438774878 266.2311333425
130.6894170110 264.3201945005
131.2999164307 262.4011829162
131.9174149411 260.5141938673
132.5058778144 258.6062751696
133.0193140328 256.6610145787
133.6044186911 254.7377268002
134.1928224644 252.8291669398
134.8024777669 250.9181496568
135.3131968081 249.0038536027
135.8922600513 247.0720441751
136.6465451785 245.1381310804
137.2249920951 243.1868435542
137.8580425005 241.2515600608
138.4986728703 239.3486100391
139.1044197788 237.3752980424
139.7466237329 235.4166417423
140.3707613278 233.5959043489
140.9535220282 231.7802437535
141.6714027203 229.8851655773
142.2700725913 228.0778230567
142.8691194973 226.1539283849
143.4963150819 224.2797891471
144.1239000030 222.4013923503
144.7247896028 220.5142066856
145.3342449476 218.5965265920
145.9910686444 216.7069287407
146.5853087867 214.8134046879
147.2193553398 212.8784582609
147.8639515192 210.9780946772
148.5045731871 209.0655238434
149.0974841658 207.1613965447
149.7057290354 205.2548030736
150.2918249217 203.3692549094
150.8797811805 201.4693151035
151.4782234424 199.5002678946
152.0777318990 197.6079668203
152.6611602313 195.6871843363
153.2010897122 193.6749887038
153.8561352334 191.6786098828
154.4577723614 189.7868627395
155.0942757911 187.8838155898
155.7016982771 185.9461084731
156.2575732518 184.0297774393
156.8267217578 182.1619028155
157.4151609655 180.2845979235
158.0435350219 178.3890828247
158.7720069466 177.7220504669
159.7355834309 177.5067970726
160.6851497998 177.8083081109
162.5720128791 178.3967062173
164.4989948543 178.9676618592
166.3678789438 179.6113581798
168.2413333769 180.2418313061
170.1652929297 180.8328653044
172.0607972831 181.3973295158
173.9447517337 181.9688591217
175.8939342272 182.6010278303
177.7327274636 183.1541837902
179.7086572436 183.7570193961
181.6140551975 184.3278487288
183.5624257551 184.9202002571
185.4444202271 185.4827087485
187.3498237043 186.0228322826
189.3040991397 186.6043280033
191.2109316619 187.1472181524
193.1741953610 187.7504008335
195.1454238882 188.3406231935
197.0370091647 188.8891167923
198.9236182624 189.4075961418
200.8684812305 190.0720692816
202.7380119591 190.6988881248
204.6631446469 191.3047714238
206.5388261663 191.9164937829
208.4263503820 192.5025744876
210.3489752520 193.0865462410
212.2202706365 193.7335155371
214.1296038678 194.2510179303
216.0372012664 194.8443779860
218.0005576720 195.3748100170
219.9321463345 195.8771829571
221.8169846425 196.4370801329
223.7336114858 197.0118243188
225.6522186941 197.6646148591
227.5706637579 198.2881349683
229.4540435696 198.8586673393
231.4245710703 199.3923991898
233.3978246612 199.9172179706
235.3927585792 200.5074822265
237.3005226709 201.0542644598
239.2165156040 201.5743667193
241.1274093841 202.1641062110
243.0205053907 202.7381875622
244.9294272364 203.3482089174
246.6793727725 203.9855087769
247.3502385764 204.7069495699
247.5492852105 205.7223646292
247.2440016584 206.6663569328
246.6357511513 208.5257322985
246.0178688925 210.4504017137
245.5005592849 212.3594013691
244.9454735209 214.2272858209
244.3678774051 216.1027155482
243.7943477434 217.9892306936
243.2300001580 219.8582335888
242.6584471128 221.6933374162
242.1246627380 223.5862191904
241.5164668009 225.5258802846
240.9943263407 227.3662175298
240.4242889973 229.2927876309
239.7986333301 231.1759550062
239.2194186357 233.0297451679
238.6373175441 234.9659116758
238.0745386279 236.8673235719
237.5075591868 238.8356113129
236.9017659666 240.7652692845
236.3552656885 242.6254870919
235.7303917094 244.5593763979
235.0639361656 246.4185153397
234.4259778428 248.3455650010
233.8061388594 250.2606917429
233.1440580885 252.1790338912
232.5054783191 254.0376039875
231.8806641476 255.9875213621
231.2535298065 257.9146863292
230.6226716261 259.8065559380
230.8335131215 260.7968756723
231.4972673048 261.5355937122
232.4315753381 261.8328754243
234.3323495370 262.3904040661
236.2002699100 262.9354759419
238.1682438801 263.5288561309
240.1170185355 264.0888626761
241.9960215099 264.7489061432
243.7935019960 265.3557490407
245.7180439278 265.9757949659
247.6153258222 266.5989172732
249.5250596947 267.1802962340
251.4178381409 267.8343741824
253.2861497135 268.4813511628
255.2337592997 269.1218630105
257.1704713512 269.7661484677
259.0228436552 270.4195480142
260.9632714107 271.0939133958
262.7817928775 271.7465552455
264.7196917017 272.4317799394
266.5950375258 273.0916648594
268.4983395595 273.7333281718
270.3590864965 274.3579769296
272.2534161753 275.0542693944
274.1025187281 275.7339682362
275.9369366237 276.4653413280
277.8721119052 277.1861659773
279.7031696431 277.8668416687
281.6018600843 278.6072917974
283.4412101327 279.3052160934
285.3023088448 280.0509374873
287.1447661092 280.7919722233
288.9833207803 281.5259639426
290.8895771639 282.2205594271
292.7799291794 282.7849233327
294.7575890080 283.3900437920
296.6691686463 284.0112381576
298.4319150974 284.5371916959
300.2629827755 285.1773892163
302.1348994699 285.7924108521
304.0177416613 286.4399476010
305.9312409486 287.1429001536
306.9242905111 286.9412546312
307.6668194351 286.2811656945
307.9780053988 285.3383171377
308.5875038841 283.4554590829
309.2053065775 281.5535930741
309.8322233273 279.6436256060
310.4234210524 277.7445053860
311.0896509456 275.8080199575
311.6981703585 273.8645079501
312.2655946969 272.0501353360
312.8907238104 270.2132474285
313.6454703255 268.1724970174
314.3035214906 266.2584080187
314.9373119335 264.3864025791
315.5337961568 262.2518265144
316.1463589578 260.3571062883
315.6897945918 258.4816103753
315.3357975093 256.3121055250
314.9476337176 254.4229053756
314.5661092422 252.4789606885
314.1907016882 250.4402269082
313.7711624015 248.4899655644
313.3880180747 246.6235812561
313.0030646270 244.6244159825
312.5786960656 242.6639547643
312.2101604232 240.7073604773
311.9135225460 238.7103060767
311.6403862284 236.6031553386
311.2929496364 234.6907854544
310.8308690018 232.7268570920
311.1717615177 231.7925283686
311.9313722452 231.1432975496
313.4421532538 229.8301724826
315.0107064535 228.5016804728
316.4494559886 226.9532492372
317.9842365842 225.7038175770
319.5411289619 224.4398117456
321.0795658757 223.1922296087
322.5979165023 221.9555016432
324.0775854583 220.7013752725
325.4958423614 219.3260567938
326.4682994109 219.1407304131
327.4323027399 219.4879844748
328.0894000352 220.2235548864
328.2722013557 221.1963039713
327.9231560684 222.1216236789
327.2109267339 223.9579699722
326.5578339580 225.8077350846
325.9217243181 227.7082794269
325.2512066664 229.5831576912
324.5682695477 231.5035060799
323.8674316794 233.3905649418
323.1715348116 235.1855084231
322.5036054863 237.0891332792
321.8601177359 238.9448636649
321.1921083120 240.8245954798
320.4786544194 242.6953454945
319.8092462353 244.5776522371
319.1872296076 246.4690340608
318.5431191198 248.4247933744
317.8780974583 250.3113979940
317.1860410514 252.2326205514
316.5572266171 254.0923165835
315.8856305815 255.9514101424
315.2391847486 257.8690912758
314.5796830089 259.8005200199
313.9497086448 261.6839237000
313.3236304374 263.5130733132
312.6471878123 265.4147003404
311.9258351384 267.2779171838
311.3279610725 269.2052697845
310.6414793608 271.1589201018
310.0320423673 273.0183656811
309.3567308488 274.9308057244
308.7047161626 276.8247025015
308.0526615226 278.7354491043
308.2430788863 279.7179260585
308.9131447578 280.4811856184
309.8684206605 280.8116459570
311.8457867375 281.4910862022
313.7136556296 282.1241243385
315.5985013865 282.7450038980
317.4422880967 283.3202908529
319.3671251041 283.9070892678
321.1993101980 284.5342118887
323.0762750279 285.2250847615
324.9794113702 285.8245073022
326.8674138733 286.4151926989
328.7650554233 287.0142037700
330.7184304269 287.6560962815
332.6689815001 288.2764888213
334.5707097011 288.9218987664
336.4338208600 289.5589302805
338.3131360747 290.2480782437
340.1970499669 290.8861642704
342.0145108819 291.5427795721
343.8822508784 292.1606948442
345.8223408424 292.7268144853
347.7080215099 293.3267333393
349.6075551977 293.8901950878
351.5534520685 294.4744990396
353.3907313248 295.0239691107
355.2595401500 295.6100820134
357.1143612345 296.2085538203
359.1192519419 296.8008377992
361.0204902865 297.4234528167
362.9183422749 298.0545032553
364.7826280038 298.6317190066
366.7120685080 299.2265123657
368.6080564798 299.8556588045
370.4739538167 300.4483337355
372.4045274205 300.9559527326
374.2824376083 301.5532983669
376.2151365995 302.1948299272
378.0826775329 302.7717768666
379.9665007379 303.3752325248
381.8975586836 303.9349018757
383.8106335176 304.5704601716
385.6443732843 305.1673991380
387.5076227193 305.7630458107
389.3878145040 306.4382004307
391.2985443898 307.0716732743
393.1973185150 307.7128449960
395.0466209923 308.3279149842
396.9505846101 308.9022230151
398.8097977550 309.4602777525
400.6989006394 310.0174409441
402.5963255323 310.5733457425
404.4502249358 311.1601662763
406.3464534528 311.7172326442
408.3541133269 312.4422630132
410.2414163954 313.0225545657
412.1763949515 313.6973237490
414.0243191506 314.2229211366
415.9196076180 314.8809579551
417.8227563807 315.5158891594
419.7311060829 316.0286411862
421.6516777300 316.5592194045
423.5029827045 317.1177905673
425.3440934932 317.4893944387
427.1849566632 317.9357833488
429.1192377436 318.4787369800
431.0290386524 319.0829459056
432.9493722315 319.7361917027
434.9128376803 320.2879539034
436.7821329526 320.8407756284
438.7447054703 321.3765496228
440.6525875742 321.9270001858
442.5667980960 322.4670784921
444.4726907316 323.0448976479
446.3643099098 323.7082979386
448.2655566950 324.4426491743
450.1721332888 325.1466576333
452.0599628094 325.7251191892
454.0665473037 326.2644752524
455.9924486906 326.7202342427
458.0252396084 327.1296762297
459.9868199594 327.6003887348
461.8486525478 328.0679381742
463.8354934178 328.4715228017
465.8368895845 328.8907961778
467.7753471517 329.1992424593
469.7550611038 329.4925366505
471.6940575502 329.7924315954
473.6954720571 330.1622368734
475.6526843321 330.5711331207
477.5031416767 331.0835971525
479.2254374784 331.6344192063
481.1082209784 332.2048352865
483.0034343359 332.8617416346
484.8986837333 333.5595567829
486.7631127605 334.2445518428
488.6547635386 334.9323933804
490.5940696012 335.5341533252
492.5203764083 336.2080193490
494.3810131725 336.8227728085
496.3348399304 337.4094648900
498.2443097930 338.0567007394
500.1185847638 338.6603650674
501.9977956190 339.2331127274
503.8603454477 339.7200890472
505.7588297195 340.2247988045
507.7110638257 340.7362609804
509.7138201021 341.2337044901
511.7059230811 341.6436970827
513.6842587970 342.0720288183
515.5795656720 342.4364738065
517.5633233223 342.7714776369
519.5833567983 342.9541770862
521.5406224879 343.1160692649
523.5267338941 343.2762543398
525.5735884546 343.3592391320
527.5610845294 343.4707978272
529.5628782991 343.4661667202
531.5036527721 343.4047526241
533.5557070922 343.2761049566
535.5558121933 343.1637767046
537.5383115148 343.0054275391
539.4817920558 342.8435995263
541.4735100809 342.7067760128
543.4948589973 342.5698502797
545.4783194032 342.4354860321
547.5070031784 342.4286338936
549.5468164474 342.3468179027
551.4738622150 342.2813262081
553.5022736665 342.3288522525
555.5387032592 342.3417324075
557.4919178114 342.3078197029
559.4269302948 342.2250334408
561.4088263991 342.0566602381
563.4487563347 341.8405892521
565.4279429342 341.7191423888
567.5009626570 341.6315759558
569.4834495513 341.5858799176
571.5084050225 341.4048175122
573.5415169734 341.2059236644
575.5047411887 340.8987179098
577.4963455267 340.5599696158
579.5032863947 340.3418450535
581.4547984568 340.0561853740
583.4458543522 339.6495097001
585.5442354397 339.2564675968
587.6065921388 339.1267094375
589.6025555831 339.0473605757
591.6095643941 339.0746689688
593.5709278009 339.1729312399
595.6002697678 339.1860933003
597.4710610276 339.3009943727
599.5750857097 339.6062158404
