498.0000000000 125.0000000000
496.0000000000 125.0000000000
494.0000000000 125.0000000000
492.0000000000 125.0000000000
490.0000000000 125.0000000000
488.0000000000 125.0000000000
486.0000000000 125.0000000000
484.0000000000 125.0000000000
482.0000000000 125.0000000000
480.0000000000 125.0000000000
478.0000000000 125.0000000000
476.0000000000 125.0000000000
474.0000000000 125.0000000000
472.0000000000 125.0000000000
470.0000000000 125.0000000000
468.0000000000 125.0000000000
466.0000000000 125.0000000000
464.0000000000 125.0000000000
462.0000000000 125.0000000000
460.0000000000 125.0000000000
458.0000000000 125.0000000000
456.0000000000 125.0000000000
454.0000000000 125.0000000000
452.0000000000 125.0000000000
450.0000000000 125.0000000000
448.0000000000 125.0000000000
446.0000000000 125.0000000000
444.0000000000 125.0000000000
442.0000000000 125.0000000000
440.0000000000 125.0000000000
438.0000000000 125.0000000000
436.0000000000 125.0000000000
434.0000000000 125.0000000000
432.0000000000 125.0000000000
430.0000000000 125.0000000000
428.0000000000 125.0000000000
426.0000000000 125.0000000000
424.0000000000 125.0000000000
422.0000000000 125.0000000000
420.0000000000 125.0000000000
418.0000000000 125.0000000000
416.0000000000 125.0000000000
414.0000000000 125.0000000000
412.0000000000 125.0000000000
410.0000000000 125.0000000000
408.0000000000 125.0000000000
406.0000000000 125.0000000000
404.0000000000 125.0000000000
402.0000000000 125.0000000000
400.0000000000 125.0000000000
398.0000000000 125.0000000000
396.0000000000 125.0000000000
394.0000000000 125.0000000000
392.0000000000 125.0000000000
390.0000000000 125.0000000000
388.0000000000 125.0000000000
386.0000000000 125.0000000000
384.0000000000 125.0000000000
382.0000000000 125.0000000000
380.0000000000 125.0000000000
378.0000000000 125.0000000000
376.0000000000 125.0000000000
374.0000000000 125.0000000000
372.0000000000 125.0000000000
370.0000000000 125.0000000000
368.0000000000 125.0000000000
366.0000000000 125.0000000000
364.0000000000 125.0000000000
362.0000000000 125.0000000000
360.0000000000 125.0000000000
358.0000000000 125.0000000000
356.0000000000 125.0000000000
354.0000000000 125.0000000000
352.0000000000 125.0000000000
350.0000000000 125.0000000000
348.0000000000 125.0000000000
346.0000000000 125.0000000000
344.0000000000 125.0000000000
342.0000000000 125.0000000000
340.0000000000 125.0000000000
338.0000000000 125.0000000000
336.0000000000 125.0000000000
334.0000000000 125.0000000000
332.0000000000 125.0000000000
330.0000000000 125.0000000000
328.0000000000 125.0000000000
326.0000000000 125.0000000000
324.0000000000 125.0000000000
322.0000000000 125.0000000000
320.0000000000 125.0000000000
318.0000000000 125.0000000000
316.0000000000 125.0000000000
314.0000000000 125.0000000000
312.0000000000 125.0000000000
310.0000000000 125.0000000000
308.0000000000 125.0000000000
306.0000000000 125.0000000000
304.0000000000 125.0000000000
302.0000000000 125.0000000000
300.0000000000 125.0000000000
298.0000000000 125.0000000000
296.0000000000 125.0000000000
294.0000000000 125.0000000000
292.0000000000 125.0000000000
290.0000000000 125.0000000000
288.0000000000 125.0000000000
286.0000000000 125.0000000000
284.0000000000 125.0000000000
282.0000000000 125.0000000000
280.0000000000 125.0000000000
278.0000000000 125.0000000000
276.0000000000 125.0000000000
274.0000000000 125.0000000000
272.0000000000 125.0000000000
270.0000000000 125.0000000000
268.0000000000 125.0000000000
266.0000000000 125.0000000000
264.0000000000 125.0000000000
262.0000000000 125.0000000000
260.0000000000 125.0000000000
258.0000000000 125.0000000000
256.0000000000 125.0000000000
254.0000000000 125.0000000000
252.0000000000 125.0000000000
250.0000000000 125.0000000000
248.0000000000 125.0000000000
246.0000000000 125.0000000000
244.0000000000 125.0000000000
242.0000000000 125.0000000000
240.0000000000 125.0000000000
238.0000000000 125.0000000000
236.0000000000 125.0000000000
234.0000000000 125.0000000000
232.0000000000 125.0000000000
230.0000000000 125.0000000000
228.0000000000 125.0000000000
226.0000000000 125.0000000000
224.0000000000 125.0000000000
222.0000000000 125.0000000000
220.0000000000 125.0000000000
218.0000000000 125.0000000000
216.0000000000 125.0000000000
214.0000000000 125.0000000000
212.0000000000 125.0000000000
210.0000000000 125.0000000000
208.0000000000 125.0000000000
206.0000000000 125.0000000000
204.0000000000 125.0000000000
202.0000000000 125.0000000000
200.0000000000 125.0000000000
198.0000000000 125.0000000000
196.0000000000 125.0000000000
194.0000000000 125.0000000000
192.0000000000 125.0000000000
190.0000000000 125.0000000000
188.0000000000 125.0000000000
186.0000000000 125.0000000000
184.0000000000 125.0000000000
182.0000000000 125.0000000000
180.0000000000 125.0000000000
178.0000000000 125.0000000000
176.0000000000 125.0000000000
174.0000000000 125.0000000000
172.0000000000 125.0000000000
170.0000000000 125.0000000000
168.0000000000 125.0000000000
166.0000000000 125.0000000000
164.0000000000 125.0000000000
162.0000000000 125.0000000000
160.0000000000 125.0000000000
158.0000000000 125.0000000000
156.0000000000 125.0000000000
154.0000000000 125.0000000000
152.0000000000 125.0000000000
150.0000000000 125.0000000000
148.0000000000 125.0000000000
146.0000000000 125.0000000000
144.0000000000 125.0000000000
142.0000000000 125.0000000000
140.0000000000 125.0000000000
138.0000000000 125.0000000000
136.0000000000 125.0000000000
134.0000000000 125.0000000000
132.0000000000 125.0000000000
130.0000000000 125.0000000000
128.0000000000 125.0000000000
126.0000000000 125.0000000000
124.0000000000 125.0000000000
122.0000000000 125.0000000000
120.0000000000 125.0000000000
118.0000000000 125.0000000000
116.0000000000 125.0000000000
115.1339745962 125.5000000000
114.6339745962 126.3660254038
114.6339745962 127.3660254038
114.6339745962 129.3660254038
114.6339745962 131.3660254038
114.6339745962 133.3660254038
114.6339745962 135.3660254038
114.6339745962 137.3660254038
114.6339745962 139.3660254038
114.6339745962 141.3660254038
114.6339745962 143.3660254038
114.6339745962 145.3660254038
114.6339745962 147.3660254038
114.6339745962 149.3660254038
114.6339745962 151.3660254038
114.6339745962 153.3660254038
114.6339745962 155.3660254038
114.6339745962 157.3660254038
114.6339745962 159.3660254038
114.6339745962 161.3660254038
114.6339745962 163.3660254038
114.6339745962 165.3660254038
114.1339745962 166.2320508076
113.2679491924 166.7320508076
112.2679491924 166.7320508076
110.2679491924 166.7320508076
108.2679491924 166.7320508076
106.2679491924 166.7320508076
104.2679491924 166.7320508076
102.2679491924 166.7320508076
100.2679491924 166.7320508076
98.2679491924 166.7320508076
96.2679491924 166.7320508076
94.2679491924 166.7320508076
92.2679491924 166.7320508076
90.2679491924 166.7320508076
88.2679491924 166.7320508076
86.2679491924 166.7320508076
84.2679491924 166.7320508076
82.2679491924 166.7320508076
80.2679491924 166.7320508076
78.2679491924 166.7320508076
76.2679491924 166.7320508076
74.2679491924 166.7320508076
72.2679491924 166.7320508076
70.2679491924 166.7320508076
68.2679491924 166.7320508076
66.2679491924 166.7320508076
64.2679491924 166.7320508076
62.2679491924 166.7320508076
60.2679491924 166.7320508076
58.2679491924 166.7320508076
56.2679491924 166.7320508076
54.2679491924 166.7320508076
52.2679491924 166.7320508076
50.2679491924 166.7320508076
48.2679491924 166.7320508076
46.2679491924 166.7320508076
44.2679491924 166.7320508076
42.2679491924 166.7320508076
40.2679491924 166.7320508076
38.2679491924 166.7320508076
36.2679491924 166.7320508076
34.2679491924 166.7320508076
32.2679491924 166.7320508076
30.2679491924 166.7320508076
28.2679491924 166.7320508076
26.2679491924 166.7320508076
24.2679491924 166.7320508076
22.2679491924 166.7320508076
21.4019237886 166.2320508076
20.9019237886 165.3660254038
20.9019237886 164.3660254038
20.9019237886 162.3660254038
20.9019237886 160.3660254038
20.9019237886 158.3660254038
20.9019237886 156.3660254038
20.9019237886 154.3660254038
20.9019237886 152.3660254038
20.9019237886 150.3660254038
20.9019237886 148.3660254038
20.9019237886 146.3660254038
20.9019237886 144.3660254038
20.9019237886 142.3660254038
20.9019237886 140.3660254038
20.9019237886 138.3660254038
20.9019237886 136.3660254038
20.9019237886 134.3660254038
20.9019237886 132.3660254038
20.9019237886 130.3660254038
20.9019237886 128.3660254038
20.9019237886 126.3660254038
20.9019237886 124.3660254038
20.9019237886 122.3660254038
20.9019237886 120.3660254038
20.9019237886 118.3660254038
20.9019237886 116.3660254038
20.9019237886 114.3660254038
20.9019237886 112.3660254038
20.9019237886 110.3660254038
20.9019237886 108.3660254038
20.9019237886 106.3660254038
20.9019237886 104.3660254038
20.9019237886 102.3660254038
20.9019237886 100.3660254038
20.9019237886 98.3660254038
20.9019237886 96.3660254038
20.9019237886 94.3660254038
20.9019237886 92.3660254038
20.9019237886 90.3660254038
20.9019237886 88.3660254038
20.9019237886 86.3660254038
20.9019237886 84.3660254038
20.9019237886 82.3660254038
20.9019237886 80.3660254038
20.9019237886 78.3660254038
20.9019237886 76.3660254038
20.9019237886 74.3660254038
20.9019237886 72.3660254038
20.9019237886 70.3660254038
20.9019237886 68.3660254038
20.9019237886 66.3660254038
20.9019237886 64.3660254038
20.9019237886 62.3660254038
20.9019237886 60.3660254038
21.4019237886 59.5000000000
22.2679491924 59.0000000000
23.2679491924 59.0000000000
25.2679491924 59.0000000000
27.2679491924 59.0000000000
29.2679491924 59.0000000000
31.2679491924 59.0000000000
33.2679491924 59.0000000000
35.2679491924 59.0000000000
37.2679491924 59.0000000000
39.2679491924 59.0000000000
41.2679491924 59.0000000000
43.2679491924 59.0000000000
45.2679491924 59.0000000000
47.2679491924 59.0000000000
49.2679491924 59.0000000000
51.2679491924 59.0000000000
53.2679491924 59.0000000000
55.2679491924 59.0000000000
57.2679491924 59.0000000000
59.2679491924 59.0000000000
61.2679491924 59.0000000000
63.2679491924 59.0000000000
65.2679491924 59.0000000000
67.2679491924 59.0000000000
69.2679491924 59.0000000000
71.2679491924 59.0000000000
73.2679491924 59.0000000000
75.2679491924 59.0000000000
77.2679491924 59.0000000000
79.2679491924 59.0000000000
81.2679491924 59.0000000000
83.2679491924 59.0000000000
85.2679491924 59.0000000000
87.2679491924 59.0000000000
89.2679491924 59.0000000000
91.2679491924 59.0000000000
93.2679491924 59.0000000000
95.2679491924 59.0000000000
97.2679491924 59.0000000000
99.2679491924 59.0000000000
101.2679491924 59.0000000000
103.2679491924 59.0000000000
105.2679491924 59.0000000000
107.2679491924 59.0000000000
109.2679491924 59.0000000000
111.2679491924 59.0000000000
113.2679491924 59.0000000000
114.1339745962 59.5000000000
114.6339745962 60.3660254038
114.6339745962 61.3660254038
114.6339745962 63.3660254038
114.6339745962 65.3660254038
114.6339745962 67.3660254038
114.6339745962 69.3660254038
114.6339745962 71.3660254038
114.6339745962 73.3660254038
114.6339745962 75.3660254038
114.6339745962 77.3660254038
114.6339745962 79.3660254038
114.6339745962 81.3660254038
114.6339745962 83.3660254038
114.6339745962 85.3660254038
114.6339745962 87.3660254038
114.6339745962 89.3660254038
114.6339745962 91.3660254038
114.6339745962 93.3660254038
114.6339745962 95.3660254038
114.6339745962 97.3660254038
114.6339745962 99.3660254038
114.6339745962 101.3660254038
114.6339745962 103.3660254038
114.6339745962 105.3660254038
114.6339745962 107.3660254038
114.6339745962 109.3660254038
114.6339745962 111.3660254038
114.6339745962 113.3660254038
114.6339745962 115.3660254038
114.6339745962 117.3660254038
115.1339745962 118.2320508076
116.0000000000 118.7320508076
117.0000000000 118.7320508076
119.0000000000 118.7320508076
121.0000000000 118.7320508076
123.0000000000 118.7320508076
125.0000000000 118.7320508076
127.0000000000 118.7320508076
129.0000000000 118.7320508076
131.0000000000 118.7320508076
133.0000000000 118.7320508076
135.0000000000 118.7320508076
137.0000000000 118.7320508076
139.0000000000 118.7320508076
141.0000000000 118.7320508076
143.0000000000 118.7320508076
145.0000000000 118.7320508076
147.0000000000 118.7320508076
149.0000000000 118.7320508076
151.0000000000 118.7320508076
153.0000000000 118.7320508076
155.0000000000 118.7320508076
157.0000000000 118.7320508076
159.0000000000 118.7320508076
161.0000000000 118.7320508076
163.0000000000 118.7320508076
165.0000000000 118.7320508076
167.0000000000 118.7320508076
169.0000000000 118.7320508076
171.0000000000 118.7320508076
173.0000000000 118.7320508076
175.0000000000 118.7320508076
177.0000000000 118.7320508076
179.0000000000 118.7320508076
181.0000000000 118.7320508076
183.0000000000 118.7320508076
185.0000000000 118.7320508076
187.0000000000 118.7320508076
189.0000000000 118.7320508076
191.0000000000 118.7320508076
193.0000000000 118.7320508076
195.0000000000 118.7320508076
195.8660254038 118.2320508076
196.3660254038 117.3660254038
196.3660254038 116.3660254038
196.3660254038 114.3660254038
196.3660254038 112.3660254038
196.3660254038 110.3660254038
196.3660254038 108.3660254038
196.3660254038 106.3660254038
196.3660254038 104.3660254038
196.3660254038 102.3660254038
196.3660254038 100.3660254038
196.3660254038 98.3660254038
196.3660254038 96.3660254038
196.3660254038 94.3660254038
196.3660254038 92.3660254038
196.3660254038 90.3660254038
195.3660254038 88.6339745962
194.3660254038 86.9019237886
193.3660254038 85.1698729811
192.3660254038 83.4378221735
191.3660254038 81.7057713659
190.3660254038 79.9737205584
189.3660254038 78.2416697508
188.3660254038 76.5096189432
187.3660254038 74.7775681357
186.3660254038 73.0455173281
185.3660254038 71.3134665205
184.3660254038 69.5814157130
183.3660254038 67.8493649054
182.3660254038 66.1173140978
182.3660254038 65.1173140978
182.8660254038 64.2512886940
183.8660254038 62.5192378865
184.8660254038 60.7871870789
185.8660254038 59.0551362713
186.8660254038 57.3230854638
187.8660254038 55.5910346562
188.8660254038 53.8589838486
189.8660254038 52.1269330411
190.8660254038 50.3948822335
191.8660254038 48.6628314259
192.7320508076 48.1628314259
193.7320508076 48.1628314259
194.5980762114 48.6628314259
195.0980762114 49.5288568297
195.0980762114 50.5288568297
195.0980762114 52.5288568297
195.0980762114 54.5288568297
195.0980762114 56.5288568297
195.0980762114 58.5288568297
195.0980762114 60.5288568297
195.0980762114 62.5288568297
195.0980762114 64.5288568297
195.0980762114 66.5288568297
195.0980762114 68.5288568297
195.0980762114 70.5288568297
195.0980762114 72.5288568297
195.0980762114 74.5288568297
195.0980762114 76.5288568297
195.0980762114 78.5288568297
195.0980762114 80.5288568297
195.0980762114 82.5288568297
195.0980762114 84.5288568297
195.0980762114 86.5288568297
195.0980762114 88.5288568297
195.0980762114 90.5288568297
195.0980762114 92.5288568297
195.0980762114 94.5288568297
195.0980762114 96.5288568297
195.0980762114 98.5288568297
195.0980762114 100.5288568297
195.0980762114 102.5288568297
195.0980762114 104.5288568297
195.0980762114 106.5288568297
195.0980762114 108.5288568297
195.0980762114 110.5288568297
195.5980762114 111.3948822335
196.4641016151 111.8948822335
197.4641016151 111.8948822335
199.4641016151 111.8948822335
201.4641016151 111.8948822335
203.4641016151 111.8948822335
205.4641016151 111.8948822335
207.4641016151 111.8948822335
209.4641016151 111.8948822335
211.4641016151 111.8948822335
213.4641016151 111.8948822335
215.4641016151 111.8948822335
217.4641016151 111.8948822335
219.4641016151 111.8948822335
221.4641016151 111.8948822335
223.4641016151 111.8948822335
225.4641016151 111.8948822335
227.4641016151 111.8948822335
229.4641016151 111.8948822335
231.4641016151 111.8948822335
233.4641016151 111.8948822335
235.4641016151 111.8948822335
237.4641016151 111.8948822335
239.4641016151 111.8948822335
241.4641016151 111.8948822335
243.4641016151 111.8948822335
245.4641016151 111.8948822335
247.4641016151 111.8948822335
249.4641016151 111.8948822335
251.4641016151 111.8948822335
253.4641016151 111.8948822335
255.4641016151 111.8948822335
257.4641016151 111.8948822335
259.4641016151 111.8948822335
261.4641016151 111.8948822335
263.4641016151 111.8948822335
265.4641016151 111.8948822335
267.4641016151 111.8948822335
269.4641016151 111.8948822335
271.4641016151 111.8948822335
273.4641016151 111.8948822335
275.4641016151 111.8948822335
277.4641016151 111.8948822335
279.4641016151 111.8948822335
281.4641016151 111.8948822335
283.4641016151 111.8948822335
285.4641016151 111.8948822335
287.4641016151 111.8948822335
289.4641016151 111.8948822335
291.4641016151 111.8948822335
293.4641016151 111.8948822335
295.4641016151 111.8948822335
297.4641016151 111.8948822335
299.4641016151 111.8948822335
301.4641016151 111.8948822335
303.4641016151 111.8948822335
305.4641016151 111.8948822335
307.4641016151 111.8948822335
309.4641016151 111.8948822335
311.4641016151 111.8948822335
313.4641016151 111.8948822335
315.4641016151 111.8948822335
317.4641016151 111.8948822335
319.4641016151 111.8948822335
321.4641016151 111.8948822335
323.4641016151 111.8948822335
325.4641016151 111.8948822335
327.4641016151 111.8948822335
329.4641016151 111.8948822335
331.4641016151 111.8948822335
333.4641016151 111.8948822335
335.4641016151 111.8948822335
337.4641016151 111.8948822335
339.4641016151 111.8948822335
341.4641016151 111.8948822335
343.4641016151 111.8948822335
345.4641016151 111.8948822335
347.4641016151 111.8948822335
349.4641016151 111.8948822335
351.4641016151 111.8948822335
353.4641016151 111.8948822335
355.4641016151 111.8948822335
357.4641016151 111.8948822335
359.4641016151 111.8948822335
361.4641016151 111.8948822335
363.4641016151 111.8948822335
365.4641016151 111.8948822335
367.4641016151 111.8948822335
369.4641016151 111.8948822335
371.4641016151 111.8948822335
373.4641016151 111.8948822335
375.4641016151 111.8948822335
377.4641016151 111.8948822335
379.4641016151 111.8948822335
381.4641016151 111.8948822335
383.4641016151 111.8948822335
385.4641016151 111.8948822335
387.4641016151 111.8948822335
389.4641016151 111.8948822335
391.4641016151 111.8948822335
393.4641016151 111.8948822335
395.4641016151 111.8948822335
397.4641016151 111.8948822335
399.4641016151 111.8948822335
401.4641016151 111.8948822335
403.4641016151 111.8948822335
405.4641016151 111.8948822335
407.4641016151 111.8948822335
409.4641016151 111.8948822335
411.4641016151 111.8948822335
413.4641016151 111.8948822335
415.4641016151 111.8948822335
417.4641016151 111.8948822335
419.4641016151 111.8948822335
421.4641016151 111.8948822335
423.4641016151 111.8948822335
425.4641016151 111.8948822335
427.4641016151 111.8948822335
429.4641016151 111.8948822335
431.4641016151 111.8948822335
433.4641016151 111.8948822335
435.4641016151 111.8948822335
437.4641016151 111.8948822335
439.4641016151 111.8948822335
441.4641016151 111.8948822335
443.4641016151 111.8948822335
445.4641016151 111.8948822335
447.4641016151 111.8948822335
449.4641016151 111.8948822335
451.4641016151 111.8948822335
453.4641016151 111.8948822335
455.4641016151 111.8948822335
457.4641016151 111.8948822335
459.4641016151 111.8948822335
461.4641016151 111.8948822335
463.4641016151 111.8948822335
465.4641016151 111.8948822335
467.4641016151 111.8948822335
469.4641016151 111.8948822335
471.4641016151 111.8948822335
473.4641016151 111.8948822335
475.4641016151 111.8948822335
477.4641016151 111.8948822335
479.4641016151 111.8948822335
481.4641016151 111.8948822335
483.4641016151 111.8948822335
485.4641016151 111.8948822335
487.4641016151 111.8948822335
489.4641016151 111.8948822335
491.4641016151 111.8948822335
493.4641016151 111.8948822335
495.4641016151 111.8948822335
497.4641016151 111.8948822335
