200.0086521137 151.9893673665
200.1132208626 153.9525699443
200.2553693382 155.9312435660
200.4767527459 157.8494656743
200.7372479991 159.8244814924
200.8826596144 161.7470438766
201.0095281144 163.7755734483
201.1449268647 165.8032198881
201.3030238549 167.8649748060
201.4794686014 169.8658188045
201.6613633052 171.8323580837
201.8173503902 173.8322404423
201.9275208949 175.8333678752
202.2290376221 177.8957153089
202.3757415284 179.9355114863
202.5799113555 181.9053797174
202.8458706037 183.8590984721
203.1313999892 185.8117199653
203.4756840770 187.7284393318
203.8574734355 189.6973771083
204.3765654090 191.8974562055
204.7398853569 193.9279969966
205.0262474770 195.9398726381
205.3304916211 197.9709881911
205.5909940462 199.9345129152
206.0119156836 201.9492261835
206.6850597752 202.6735957340
207.6302113224 202.9490585613
208.5922983364 202.7109269884
210.6985409157 202.1567881754
212.6380938842 201.7030677933
214.5702503914 201.3380107048
216.6022723178 201.2162230665
218.6718903429 200.9206290305
220.7286116164 200.5686444552
222.6904192027 200.3392169084
224.7047911555 200.0896774648
226.6592493640 199.8085391691
228.5682096770 199.4546707466
229.3345227040 198.8342815068
229.6655950707 197.9171666250
229.4823604054 196.9388967361
229.0862962276 195.0025894319
228.7585025446 193.0715599331
228.4930938127 191.0559555137
228.1470365146 189.1170873292
227.8435065738 187.1124081092
227.5480418240 185.1575182407
227.2471258278 183.1499465876
226.9587003346 181.1484880664
226.6315719128 179.1852490627
226.2497895034 177.1838269944
225.8631236530 175.2350280615
225.5055734798 173.2800129773
225.1362650695 171.2595757338
224.8046211689 169.2598544478
224.4827030909 167.2828675487
224.1623682377 165.2850341829
223.8523144325 163.2687472285
223.5117023537 161.2746793368
223.0907686239 159.2899987261
222.7699347443 157.3136806647
222.4282764506 155.2518339377
222.1059680319 153.2815430433
221.8455714678 151.2013847344
221.5903310362 149.2045354065
221.2859185889 147.2059303845
220.9752933057 145.2334030950
220.3592335115 144.4807738360
219.4183531454 144.1190396614
218.4210511690 144.2606371701
216.4892359671 144.6000901104
214.5302363973 144.9261524526
212.5404614431 145.2454686603
210.5392169398 145.6144040353
208.5196426199 145.9368700133
206.5798263987 146.2981794905
204.5892585421 146.6297374894
202.5864631104 146.9138511213
200.6510044960 147.2172633567
198.6702198087 147.4789899587
196.6647948383 147.7459074812
194.7037154677 148.0632280049
192.7708209615 148.3440030529
190.8139223477 148.6588240545
188.8524144825 148.9629418938
186.8821995673 149.2986922868
184.9302703690 149.5909074955
182.8669955137 149.8440883619
180.9109202810 150.1452740716
178.9299844615 150.4418782588
176.8847838183 150.7499309085
174.9213345024 151.0403279930
172.9992433171 151.3825007186
171.0563006240 151.6817526633
169.1109503727 152.0271686912
167.1755788896 152.3580268020
165.2415471356 152.6990499641
163.3506583668 153.1106122914
161.3569732614 153.4824487323
159.4283911405 153.8266817363
157.4807350598 154.1258956403
155.2225056369 154.5296787868
153.4373955694 154.7366684535
151.4825494408 155.1368683597
149.5529801755 155.5780253445
147.6271242592 155.9582403803
145.7058878289 156.3446065776
143.7674289047 156.7431380862
141.7955081096 157.1451550940
139.8409627844 157.6329566931
137.8280632701 158.1415783508
135.8975142435 158.6703392737
133.8527555115 159.0552931682
132.0045558242 159.5350560554
129.9832335100 160.1689952883
128.1292574344 160.6828163034
126.2686041150 161.1347589520
124.0336865832 161.8522035990
122.0276530682 162.3732790363
120.1943059717 162.9679063086
118.3907536941 163.5624893198
116.4978193573 164.0569778701
114.4831902762 164.5264938064
112.5386419409 164.9880014246
110.5406300051 165.5468274958
108.3810675098 166.0794479148
106.6546474181 166.7098726887
104.6407088368 167.1110859189
102.8560760640 167.5742182392
100.8749032768 167.8794922222
99.1172170700 168.3864981041
97.1256372122 168.8475613227
96.4152186643 169.5368965023
96.1636386610 170.5340821459
96.4194161268 171.5154195543
96.9100398403 173.4497023608
97.3975026051 175.4082547228
97.9253205534 177.3629882242
98.4250315881 179.3019294870
98.8864825717 181.2372746487
99.1900087969 183.0670884675
99.6430339709 184.9759797655
100.2373960478 187.0925980517
100.6657366343 188.9150017865
101.1174972827 190.8399152427
101.8134832720 191.5658360028
102.7767411712 191.8315045492
103.7367493223 191.5820865205
105.6980539852 191.0674931507
107.6443111727 190.5389957163
109.5771206696 189.9998536233
111.5009201758 189.4850637789
113.4448274204 188.9928077227
115.3239366192 188.4916943270
117.1725405151 188.0099808947
119.0712590863 187.4753917946
121.0035973546 187.0053641805
122.9506998397 186.4763698443
124.8878650799 185.9446974244
126.7626351211 185.4304728695
128.7183336869 184.8814770289
130.5879513587 184.4127782161
132.5174781098 183.9296439681
134.4696899080 183.3670024427
136.4899604151 183.0352718071
138.3983432177 182.5150796056
140.2816640124 181.9914031027
142.1526770677 181.5112820904
143.1047410363 181.7665969784
143.8039688613 182.4727426214
144.0748445957 183.4538625607
144.6075175437 185.3249387375
145.1348005022 187.3311149333
145.6805996434 189.1918064173
146.1049381961 191.3791238458
146.5926159900 193.3056537848
147.1321354336 195.3150983575
147.5159637393 197.3738266866
147.9770000451 199.3234399691
148.3212959232 201.3653997035
149.0245748539 203.2824163263
148.7479426061 204.2379221966
148.0392625176 204.9524540620
147.0782473819 205.1925060555
145.1363675616 205.6940911484
143.2613165452 206.1775490590
141.2610530361 206.6741506717
139.3407197858 207.1325861427
137.4142904348 207.6301850501
135.4561249678 208.1909027006
133.7893137294 208.5774720479
131.7162116396 209.1797798462
129.8457490950 209.6564151602
127.8225576319 210.0455955699
125.9039875470 210.5208709057
123.9910628016 210.9175180312
121.9703751314 211.4568456401
119.9392980129 211.7973608800
118.1831561453 212.0372547225
116.1995186739 212.5257544459
114.2200435050 213.0219698873
112.2875808023 213.5188081568
110.3981534667 213.9442631369
108.4104731241 214.3745452816
106.4894236330 214.8502644904
104.5638327966 215.2651673155
102.6015356798 215.7051527799
100.6729145768 216.0823730127
98.7322083975 216.4777013600
96.7152083012 217.0069661003
95.9706925679 217.6951878657
95.6868624905 218.6694311425
96.0198659471 219.7635933986
96.4530999172 221.7169598141
96.9297498892 223.6555964061
97.2309861799 225.4259733073
97.5682165188 227.4148459410
97.9360868365 229.3662631651
98.6071571745 230.1163209351
99.5414702325 230.4225215682
100.4998112262 230.2245696221
102.4333580556 229.8581773186
104.3930151998 229.4435304568
106.3012680078 228.9941961348
108.2025106929 228.5383006665
110.1060226970 228.1059662711
112.1697677406 227.5853533259
114.1725300610 227.1551222102
116.1676702589 226.6931500637
118.0461383736 226.2373617222
120.0030059024 225.7654271099
121.9102718707 225.3321041823
123.8262993460 224.9236526185
125.8038481559 224.4405667520
127.7411344463 223.9576801102
129.7204045260 223.5231970626
131.6907667947 223.1050349002
133.6385137043 222.6080486624
135.5425079313 222.1315676045
137.4391784870 221.6538990518
139.3546516178 221.1891299788
141.2875212008 220.6800551219
143.2067436219 220.1849003919
145.1439459510 219.7405018121
147.1442042216 219.2061374547
149.0533411098 218.7073304848
150.9867496681 218.2285249564
152.9800608202 217.7311470373
154.9556748967 217.2962064661
156.8758318129 216.8540376528
158.8469405135 216.3704325500
160.8696706635 215.9191455430
162.7872932136 215.4563730865
164.8074408244 214.9135941727
165.5360870459 214.2347562189
165.8376669244 213.2870679396
165.6175708558 212.2991750231
165.1737247447 210.4247062773
164.6856987249 208.3937311944
164.2577504547 206.5185158407
163.8318631534 204.6065425971
