144.7666006665 199.5465918573
144.7666006665 199.5465918573
144.7666006665 199.5465918573
144.7666006665 199.5465918573
145.0116742962 199.4623928075
145.0116742962 199.4623928075
145.2084188666 199.5836272980
145.0638219581 199.4757676971
145.0638219581 199.4757676971
145.0638219581 199.4757676971
145.0638219581 199.4757676971
145.0638219581 199.4757676971
145.0638219581 199.4757676971
145.0638219581 199.4757676971
145.0638219581 199.4757676971
145.0638219581 199.4757676971
145.0638219581 199.4757676971
145.0638219581 199.4757676971
145.0638219581 199.4757676971
145.0638219581 199.4757676971
145.0638219581 199.4757676971
145.1241156428 199.2130350630
145.1241156428 199.2130350630
144.9204943559 199.0391652706
144.6668789979 199.5376007203
144.6668789979 199.5376007203
144.6668789979 199.5376007203
144.6668789979 199.5376007203
144.6668789979 199.5376007203
144.7794620829 199.6791587576
144.7794620829 199.6791587576
144.7794620829 199.6791587576
144.7794620829 199.6791587576
144.7794620829 199.6791587576
144.7794620829 199.6791587576
144.7794620829 199.6791587576
144.7794620829 199.6791587576
144.7794620829 199.6791587576
144.7794620829 199.6791587576
144.6570449611 199.5881616112
144.6570449611 199.5881616112
144.6570449611 199.5881616112
144.6570449611 199.5881616112
144.7246589630 199.6978717354
144.7246589630 199.6978717354
144.7246589630 199.6978717354
144.7246589630 199.6978717354
144.7246589630 199.6978717354
144.7246589630 199.6978717354
144.7246589630 199.6978717354
144.7246589630 199.6978717354
144.7246589630 199.6978717354
144.8580857682 199.6627346451
144.8580857682 199.6627346451
144.8580857682 199.6627346451
144.9139320114 199.7304823853
145.1930025108 199.6441349631
144.9912174212 199.6385862392
144.9912174212 199.6385862392
144.9912174212 199.6385862392
144.9912174212 199.6385862392
144.9912174212 199.6385862392
144.9912174212 199.6385862392
144.9912174212 199.6385862392
144.7770150391 199.8032987939
144.7770150391 199.8032987939
144.7770150391 199.8032987939
144.7770150391 199.8032987939
144.7770150391 199.8032987939
144.7770150391 199.8032987939
144.7770150391 199.8032987939
144.7770150391 199.8032987939
144.9883087453 199.3720034240
144.8665646681 199.7362779842
144.8665646681 199.7362779842
144.8665646681 199.7362779842
144.8665646681 199.7362779842
144.8665646681 199.7362779842
144.8665646681 199.7362779842
144.8665646681 199.7362779842
144.8665646681 199.7362779842
144.8197633364 199.7593018834
144.8197633364 199.7593018834
144.8197633364 199.7593018834
144.8197633364 199.7593018834
144.8197633364 199.7593018834
144.8197633364 199.7593018834
144.8197633364 199.7593018834
144.8197633364 199.7593018834
144.8197633364 199.7593018834
144.8365840810 199.5408782318
144.8365840810 199.5408782318
144.8365840810 199.5408782318
144.8243841062 199.8076951781
144.8243841062 199.8076951781
144.8243841062 199.8076951781
144.8243841062 199.8076951781
144.8243841062 199.8076951781
144.8243841062 199.8076951781
144.8243841062 199.8076951781
