199.9304282852 152.0023045780
199.7633096580 154.0267008288
199.5640858393 155.9782946933
199.3306971369 157.9117695777
199.0863951572 159.8648604728
198.8742090111 161.9140482774
198.7381809310 163.9264739695
198.6336131445 165.8996244056
198.5136534459 167.9250843917
198.3385037143 169.9005661043
198.1413583924 171.8201135639
197.9730046353 173.7997070177
197.8451445942 175.8456071113
197.8033315081 177.8054881382
197.9141356347 179.9472343081
197.8520518680 181.9110229838
197.8935170696 183.9391052417
197.7540552581 185.9606341611
197.6683822747 188.1044856104
197.6331966465 190.0997326175
197.6538360826 192.1331002045
197.7182141924 194.1313469553
197.8057870385 196.1325731309
197.8826138524 198.1410530092
197.9417896370 200.1389388404
198.0326473313 202.1253772342
198.5655989961 202.9649901983
199.4462556429 203.4129520834
200.4453914522 203.3547891626
202.3594006165 203.2655673454
204.3324789673 203.2552304395
206.3596258843 203.3250993001
208.3892578146 203.3334016476
210.3570267433 203.3475614614
212.3713796511 203.2747639748
214.3474450246 203.2209078212
216.4322377211 203.0789789959
218.4420787190 202.9741039398
220.4038130837 202.9046470287
221.2387169353 202.3817865442
221.6932425035 201.5087298896
221.6510947390 200.5044149835
221.5299328371 198.5022266724
221.4401439279 196.4673668554
221.3056222863 194.5491360915
221.2640905147 192.5548726866
221.2003296436 190.5260514058
221.2121239658 188.4584933037
221.2039071169 186.4847834052
221.1223096437 184.4662836037
221.0448431616 182.4400214890
220.9917314962 180.4146329846
220.9286979609 178.4319260754
220.8697158212 176.4263110475
220.8709322034 174.4270342015
220.8606659092 172.4334304204
220.8357744732 170.5112876887
220.8116072072 168.5204592705
220.8166652448 166.5024282264
220.7965758974 164.5603589299
220.7758868301 162.4995648211
220.7427223473 160.5334874056
220.7844765268 158.5207989100
220.6913567059 156.4981042584
220.5998064777 154.4764156355
220.5210877565 152.4573420344
220.4583327990 150.4898343836
220.3697040957 148.5167790530
219.8247627281 147.6696848490
218.9537631285 147.1998134886
217.9494433812 147.2329878195
215.9058288808 147.3690964648
213.9261677234 147.4704987211
211.9165612954 147.5559900597
209.9442858496 147.6731870078
207.9390713457 147.7517794354
205.9751167858 147.7714249102
204.0289407008 147.8373927692
201.9898764691 147.8823272156
199.9812581361 147.9491028872
198.0463712231 147.9614982997
196.0113698338 147.9836661170
194.0267500974 147.9987568398
191.9944229233 148.0705767167
190.0130182657 148.1374812061
187.9479532981 148.2211238847
185.9669993941 148.2467078273
183.9719718099 148.2425239080
181.9555156500 148.2630707183
179.9250544371 148.3253394237
178.0135513479 148.3730757298
176.0730016450 148.4424911080
173.9303779263 148.6939979690
171.8677334980 148.7908046844
169.8607312026 148.9323110279
167.9354993287 149.0278659890
165.9051357091 149.1598720165
163.9602850905 149.2755191798
161.9702588935 149.3893072678
160.1799828242 149.5290447013
158.1838075286 149.5593669490
156.1491126946 149.6122371328
154.0962785094 149.6853288971
152.0304792774 149.7773707180
150.0918496363 149.8562092190
148.0854055105 149.9090405649
146.0563258883 149.9435302654
144.0416970048 149.9516514489
142.0222694604 149.8725514364
140.0128174294 149.7461143027
137.9975534982 149.6262673416
136.0504606664 149.5902805647
134.0635134176 149.6325944024
132.1132369735 149.5838054176
130.2487738003 149.4649441662
128.1855876262 149.3699256338
126.2189714818 149.2516886975
124.2608149278 149.1906671357
122.2656760979 149.0653450944
120.3717616428 148.8460389020
118.3841889169 148.5717331020
116.3964849572 148.3233774620
114.4021759260 148.1478396995
112.1212626455 148.0755558539
110.1139836022 147.8825254983
108.0789294852 147.7021415077
106.0636219318 147.4969488482
104.0758889710 147.2780326552
102.1384582176 147.0437608894
100.1671247342 146.7962269531
98.1977186680 146.4988367200
96.2480409475 146.1953120698
94.2638494623 145.9447399577
93.3108902508 146.3886559059
92.7195481691 147.1935691831
92.6288897469 148.1880770037
92.4546650927 150.1501659229
92.2286642950 152.0899888077
91.7879211424 154.2891522829
91.3369128736 156.3369405012
91.0900887131 158.2562096056
90.9175691810 160.1960178747
90.7093591994 162.1980894773
90.5425256921 164.1691765698
90.4033504835 166.1777171685
90.1929073533 168.1495819278
90.5981177098 169.0887456259
91.4124929205 169.6875876839
92.3844167055 169.8226892087
94.3523647997 169.9994422866
96.3062509648 170.1996478149
98.2804963861 170.3394247997
100.2637683014 170.5579979397
102.1992904582 170.7678377739
104.1827756969 171.0089362903
106.1061527638 171.1844586185
108.0823308213 171.3902301366
110.0747318596 171.6268498400
112.0760409867 171.8358006647
114.1082756053 172.0199710991
116.1319571436 172.2742538614
118.1100637539 172.5232309599
120.0594623048 172.7494686476
122.0845221564 173.0144911167
123.9871423571 173.2649450940
126.0104292329 173.5142792963
127.9670858060 173.7132333368
129.9640632050 173.9883486416
131.9354294857 174.3409679171
132.7011421241 174.9618343740
133.0561654065 175.8756056184
132.9171034058 176.8519368474
132.2655323171 178.9748073996
131.9447350047 180.9732963957
131.5547238383 182.9796354662
131.4967795858 184.9662433641
131.4049217427 187.1723912249
131.0951318395 189.1550899309
130.9026137885 191.0785621204
130.6044987771 192.9510854780
130.3552223334 194.9251698001
130.1775694193 196.9702126362
129.5675074563 197.7599230869
128.6511670507 198.1263297223
127.6592765901 197.9949394878
125.7845931512 197.6073955967
123.7860810001 197.3271639881
121.5878183173 196.8784939475
119.4711659887 196.7504930202
117.6059004190 196.5421120881
115.6868198689 196.6589782316
113.7093528447 196.8221854921
111.7878531277 196.9066043367
109.7370320389 197.0201502279
107.7062524497 197.1697505524
105.7092128972 197.3479261189
103.5633348157 197.6454247036
101.5153545437 197.7346402195
99.6144685809 197.7970422904
97.4801291803 197.7486680199
95.4998798937 197.7915775930
93.4826848504 197.9027886765
91.5207231393 197.6962057035
89.4653951352 197.9320969627
87.4156739873 198.0658185229
85.3833192336 198.1051617545
83.3356316494 198.1952186035
81.2733114340 198.2882035984
79.3092064115 198.5846832812
77.3447503544 198.6898287656
75.4065469227 198.9552416423
74.5791980863 199.5198194650
74.1464639579 200.4154714439
74.2358896317 201.4090208802
74.3263455618 203.4821136213
74.4494482505 205.5199927269
74.6267766161 207.5010293949
74.6539685362 209.5116303573
74.6677610488 211.5943194345
75.1991356511 212.4368321474
76.0832437626 212.8982291790
77.0651902344 212.8512427616
79.0619748625 212.7737511544
81.0558932931 212.6650599380
83.0606384976 212.5601916320
85.1597303434 212.4196479347
87.1254053479 212.2737872195
89.2095647776 212.1064952455
91.1153508527 211.9582847250
93.1330631609 211.7869606641
95.1793522899 211.6046379248
97.1907136020 211.4513434233
99.2512298887 211.3371900674
101.1873037647 211.2132351730
103.3179747043 211.0231377914
105.2867439571 210.9550031319
107.3037407136 210.8892400034
109.3326757562 210.8220983636
111.3507732865 210.7976476331
113.3525303531 210.7841319743
115.2976566804 210.6948938167
117.3642628942 210.6537991147
119.3411832803 210.5755208579
121.3405580449 210.4872573154
123.3487846006 210.4358360649
125.4121437731 210.3843498474
127.5284530316 210.3046647901
129.5097405654 210.2507977987
131.5620122494 210.1439906411
133.5288709506 210.1378043353
135.4639457982 210.1106392514
137.5082727616 210.0902072761
139.6258092853 210.1550400263
141.6745056119 210.1294979335
143.8807618124 210.0875234423
144.7303462264 209.5552026624
145.1949760691 208.6636618071
145.1515822801 207.6418781435
145.1535107302 205.5151321375
145.1093374917 203.4600577411
145.0384192152 201.5043469408
145.0638219581 199.4757676971
