160.0000000000 22.0000000000
160.0000000000 24.0000000000
160.0000000000 26.0000000000
160.0000000000 28.0000000000
160.0000000000 30.0000000000
160.0000000000 32.0000000000
160.0000000000 34.0000000000
160.0000000000 36.0000000000
160.0000000000 38.0000000000
160.0000000000 40.0000000000
160.0000000000 42.0000000000
160.0000000000 44.0000000000
160.0000000000 46.0000000000
160.0000000000 48.0000000000
160.0000000000 50.0000000000
160.0000000000 52.0000000000
160.0000000000 54.0000000000
160.0000000000 56.0000000000
160.0000000000 58.0000000000
160.0000000000 60.0000000000
160.0000000000 62.0000000000
160.0000000000 64.0000000000
160.0000000000 66.0000000000
160.0000000000 68.0000000000
160.0000000000 70.0000000000
160.0000000000 72.0000000000
160.5000000000 72.8660254038
161.3660254038 73.3660254038
162.3660254038 73.3660254038
164.3660254038 73.3660254038
166.3660254038 73.3660254038
168.3660254038 73.3660254038
170.3660254038 73.3660254038
172.3660254038 73.3660254038
174.3660254038 73.3660254038
176.3660254038 73.3660254038
178.3660254038 73.3660254038
180.3660254038 73.3660254038
182.3660254038 73.3660254038
183.2320508076 72.8660254038
183.7320508076 72.0000000000
183.7320508076 71.0000000000
183.7320508076 69.0000000000
183.7320508076 67.0000000000
183.7320508076 65.0000000000
183.7320508076 63.0000000000
183.7320508076 61.0000000000
183.7320508076 59.0000000000
183.7320508076 57.0000000000
183.7320508076 55.0000000000
183.7320508076 53.0000000000
183.7320508076 51.0000000000
183.7320508076 49.0000000000
183.7320508076 47.0000000000
183.7320508076 45.0000000000
183.7320508076 43.0000000000
183.7320508076 41.0000000000
183.7320508076 39.0000000000
183.7320508076 37.0000000000
183.7320508076 35.0000000000
183.7320508076 33.0000000000
183.7320508076 31.0000000000
183.7320508076 29.0000000000
183.7320508076 27.0000000000
183.7320508076 25.0000000000
183.7320508076 23.0000000000
183.7320508076 21.0000000000
183.7320508076 19.0000000000
183.2320508076 18.1339745962
182.3660254038 17.6339745962
181.3660254038 17.6339745962
179.3660254038 17.6339745962
177.3660254038 17.6339745962
175.3660254038 17.6339745962
173.3660254038 17.6339745962
171.3660254038 17.6339745962
169.3660254038 17.6339745962
167.3660254038 17.6339745962
165.3660254038 17.6339745962
163.3660254038 17.6339745962
161.3660254038 17.6339745962
159.3660254038 17.6339745962
157.3660254038 17.6339745962
155.3660254038 17.6339745962
153.3660254038 17.6339745962
151.3660254038 17.6339745962
149.3660254038 17.6339745962
147.3660254038 17.6339745962
145.3660254038 17.6339745962
143.3660254038 17.6339745962
141.3660254038 17.6339745962
139.3660254038 17.6339745962
137.3660254038 17.6339745962
135.3660254038 17.6339745962
133.3660254038 17.6339745962
131.3660254038 17.6339745962
129.3660254038 17.6339745962
127.3660254038 17.6339745962
125.3660254038 17.6339745962
123.3660254038 17.6339745962
121.3660254038 17.6339745962
119.3660254038 17.6339745962
117.3660254038 17.6339745962
115.3660254038 17.6339745962
113.3660254038 17.6339745962
111.3660254038 17.6339745962
109.3660254038 17.6339745962
107.3660254038 17.6339745962
105.3660254038 17.6339745962
103.3660254038 17.6339745962
101.3660254038 17.6339745962
99.3660254038 17.6339745962
97.3660254038 17.6339745962
95.3660254038 17.6339745962
93.3660254038 17.6339745962
91.3660254038 17.6339745962
89.3660254038 17.6339745962
87.3660254038 17.6339745962
85.3660254038 17.6339745962
83.3660254038 17.6339745962
81.3660254038 17.6339745962
79.3660254038 17.6339745962
77.3660254038 17.6339745962
75.3660254038 17.6339745962
73.3660254038 17.6339745962
71.3660254038 17.6339745962
69.3660254038 17.6339745962
67.3660254038 17.6339745962
65.3660254038 17.6339745962
63.3660254038 17.6339745962
61.3660254038 17.6339745962
59.3660254038 17.6339745962
57.3660254038 17.6339745962
56.5000000000 18.1339745962
56.0000000000 19.0000000000
56.0000000000 20.0000000000
56.0000000000 22.0000000000
56.0000000000 24.0000000000
56.0000000000 26.0000000000
56.0000000000 28.0000000000
56.0000000000 30.0000000000
56.0000000000 32.0000000000
56.0000000000 34.0000000000
56.0000000000 36.0000000000
56.0000000000 38.0000000000
56.0000000000 40.0000000000
56.5000000000 40.8660254038
57.3660254038 41.3660254038
58.3660254038 41.3660254038
60.3660254038 41.3660254038
62.3660254038 41.3660254038
64.3660254038 41.3660254038
66.3660254038 41.3660254038
68.3660254038 41.3660254038
70.3660254038 41.3660254038
72.3660254038 41.3660254038
74.3660254038 41.3660254038
76.3660254038 41.3660254038
78.3660254038 41.3660254038
80.3660254038 41.3660254038
82.3660254038 41.3660254038
84.3660254038 41.3660254038
86.3660254038 41.3660254038
88.3660254038 41.3660254038
90.3660254038 41.3660254038
92.3660254038 41.3660254038
94.3660254038 41.3660254038
96.3660254038 41.3660254038
98.3660254038 41.3660254038
99.2320508076 41.8660254038
99.7320508076 42.7320508076
99.7320508076 43.7320508076
99.7320508076 45.7320508076
99.7320508076 47.7320508076
99.7320508076 49.7320508076
99.7320508076 51.7320508076
99.7320508076 53.7320508076
99.7320508076 55.7320508076
99.7320508076 57.7320508076
99.7320508076 59.7320508076
99.7320508076 61.7320508076
99.7320508076 63.7320508076
99.2320508076 64.5980762114
98.3660254038 65.0980762114
97.3660254038 65.0980762114
95.3660254038 65.0980762114
93.3660254038 65.0980762114
91.3660254038 65.0980762114
89.3660254038 65.0980762114
87.3660254038 65.0980762114
85.3660254038 65.0980762114
83.3660254038 65.0980762114
81.3660254038 65.0980762114
79.3660254038 65.0980762114
77.3660254038 65.0980762114
75.3660254038 65.0980762114
73.3660254038 65.0980762114
71.3660254038 65.0980762114
69.3660254038 65.0980762114
67.3660254038 65.0980762114
65.3660254038 65.0980762114
63.3660254038 65.0980762114
61.3660254038 65.0980762114
59.3660254038 65.0980762114
57.3660254038 65.0980762114
55.3660254038 65.0980762114
53.3660254038 65.0980762114
51.3660254038 65.0980762114
49.3660254038 65.0980762114
47.3660254038 65.0980762114
45.3660254038 65.0980762114
44.5000000000 65.5980762114
44.0000000000 66.4641016151
44.0000000000 67.4641016151
44.0000000000 69.4641016151
44.0000000000 71.4641016151
44.0000000000 73.4641016151
44.0000000000 75.4641016151
44.0000000000 77.4641016151
44.5000000000 78.3301270189
45.3660254038 78.8301270189
46.3660254038 78.8301270189
48.3660254038 78.8301270189
50.3660254038 78.8301270189
52.3660254038 78.8301270189
54.3660254038 78.8301270189
56.3660254038 78.8301270189
58.3660254038 78.8301270189
60.3660254038 78.8301270189
62.3660254038 78.8301270189
64.3660254038 78.8301270189
66.3660254038 78.8301270189
68.3660254038 78.8301270189
70.3660254038 78.8301270189
72.3660254038 78.8301270189
74.3660254038 78.8301270189
76.3660254038 78.8301270189
78.3660254038 78.8301270189
80.3660254038 78.8301270189
82.3660254038 78.8301270189
84.3660254038 78.8301270189
86.3660254038 78.8301270189
88.3660254038 78.8301270189
90.3660254038 78.8301270189
92.3660254038 78.8301270189
94.3660254038 78.8301270189
96.3660254038 78.8301270189
98.3660254038 78.8301270189
100.3660254038 78.8301270189
102.3660254038 78.8301270189
104.3660254038 78.8301270189
106.3660254038 78.8301270189
108.3660254038 78.8301270189
110.3660254038 78.8301270189
112.3660254038 78.8301270189
113.2320508076 78.3301270189
113.7320508076 77.4641016151
113.7320508076 76.4641016151
113.7320508076 74.4641016151
113.7320508076 72.4641016151
113.7320508076 70.4641016151
113.7320508076 68.4641016151
