153.7864826681 166.3896769375
153.7864826681 166.3896769375
153.7864826681 166.3896769375
153.7864826681 166.3896769375
153.6779434359 166.3608228167
153.6779434359 166.3608228167
153.6779434359 166.3608228167
153.6687367565 166.1472423160
153.6687367565 166.1472423160
153.6687367565 166.1472423160
153.6687367565 166.1472423160
153.6618822504 166.1832599841
153.6618822504 166.1832599841
153.6618822504 166.1832599841
153.6618822504 166.1832599841
153.7390023278 166.1269875955
153.7390023278 166.1269875955
153.7390023278 166.1269875955
153.7528289649 166.0595951973
153.7528289649 166.0595951973
153.7873107983 166.2817319880
153.7873107983 166.2817319880
153.7873107983 166.2817319880
153.7873107983 166.2817319880
154.0131156394 166.0425955670
154.0131156394 166.0425955670
154.0131156394 166.0425955670
154.0131156394 166.0425955670
153.9864700895 166.1303222373
153.9864700895 166.1303222373
153.9864700895 166.1303222373
153.9583169466 166.1652242416
153.9583169466 166.1652242416
153.9583169466 166.1652242416
153.9104926500 166.0764509385
153.9104926500 166.0764509385
153.9104926500 166.0764509385
153.8340283309 166.0289940003
153.8340283309 166.0289940003
153.8340283309 166.0289940003
153.8340283309 166.0289940003
153.8965134788 165.9251613075
153.8965134788 165.9251613075
153.8965134788 165.9251613075
153.8764926706 166.0191303777
153.8764926706 166.0191303777
153.8764926706 166.0191303777
153.8764926706 166.0191303777
153.7964163154 166.0209857779
153.7964163154 166.0209857779
153.7964163154 166.0209857779
153.7964163154 166.0209857779
153.8002778311 165.9814996261
153.8002778311 165.9814996261
153.8002778311 165.9814996261
153.8002778311 165.9814996261
153.8999842855 165.7382838655
153.8332300671 165.9613954552
153.8332300671 165.9613954552
153.8332300671 165.9613954552
153.8332300671 165.9613954552
153.9359275622 166.0950147240
153.9359275622 166.0950147240
153.9359275622 166.0950147240
153.9359275622 166.0950147240
153.8594774444 166.0553631861
153.8594774444 166.0553631861
153.8594774444 166.0553631861
153.8594774444 166.0553631861
153.8337761207 166.0027645272
153.8337761207 166.0027645272
153.8337761207 166.0027645272
153.8337761207 166.0027645272
153.8699070641 166.0231946281
153.8699070641 166.0231946281
153.8699070641 166.0231946281
153.8699070641 166.0231946281
153.8699070641 166.0231946281
154.1011902957 166.3077933378
154.1011902957 166.3077933378
154.1011902957 166.3077933378
154.1176916764 166.4337009196
154.1176916764 166.4337009196
154.1176916764 166.4337009196
154.1176916764 166.4337009196
154.0962860203 166.4276950730
154.0962860203 166.4276950730
154.0962860203 166.4276950730
154.0962860203 166.4276950730
154.0514281406 166.0414863054
154.0514281406 166.0414863054
154.0571430280 165.9514170458
154.0571430280 165.9514170458
154.0571430280 165.9514170458
154.0321362075 165.8713162682
154.0321362075 165.8713162682
154.0321362075 165.8713162682
154.0321362075 165.8713162682
154.0534341559 165.9554639180
154.0534341559 165.9554639180
