600.0497452738 348.3728505392
599.4678994496 350.4399955516
599.4834114654 350.2504391422
599.5303990627 350.2337583202
599.5683761660 350.2124029643
599.5930261119 350.2276915721
599.5544253907 350.3642409321
599.5544253907 350.3642409321
599.5710038424 350.3478239945
599.5710038424 350.3478239945
599.5504453969 350.3280438258
599.5504453969 350.3280438258
599.5093873069 350.4883082332
599.6830502706 350.1316351888
599.5963601536 350.1096910930
599.6714192058 350.1587051906
599.6603258694 350.1905178211
599.6920466700 350.1642160205
599.6920466700 350.1642160205
599.6920466700 350.1642160205
599.6920466700 350.1642160205
599.6571552790 350.1959312881
599.7283917587 350.1607122723
599.6485768117 350.1335930903
599.6875305815 350.2032286394
599.6875305815 350.2032286394
599.6953115166 350.0969200383
599.6978121327 350.1548321138
599.6978121327 350.1548321138
599.6691867443 350.0818498615
599.6811489588 350.0863567276
599.6285390405 350.0627917999
599.6285390405 350.0627917999
599.6285390405 350.0627917999
599.6943249222 350.0460928717
599.7208348995 350.1705704705
599.6118818132 350.2451120280
599.4841289339 350.4335454288
599.4841289339 350.4335454288
599.4668854710 350.4469519378
599.4668854710 350.4469519378
599.6377215011 350.2759467583
599.6377215011 350.2759467583
599.6377215011 350.2759467583
599.6377215011 350.2759467583
599.6377215011 350.2759467583
599.6377215011 350.2759467583
599.6377215011 350.2759467583
599.6377215011 350.2759467583
599.6377215011 350.2759467583
599.6377215011 350.2759467583
599.6377215011 350.2759467583
599.6377215011 350.2759467583
599.6377215011 350.2759467583
599.6377215011 350.2759467583
599.6377215011 350.2759467583
599.6377215011 350.2759467583
599.6377215011 350.2759467583
599.6377215011 350.2759467583
599.6377215011 350.2759467583
599.6377215011 350.2759467583
599.6377215011 350.2759467583
599.6377215011 350.2759467583
599.6377215011 350.2759467583
599.5959054405 350.1898938577
599.6190762741 350.2304757331
599.5852221333 350.1661586084
599.6904780348 350.2413288048
599.5549316205 350.1231739111
599.5660328607 350.0458073560
599.5660328607 350.0458073560
599.6360969538 350.0668701562
599.6985300592 350.1865766721
599.5415584866 350.5507541379
599.3959248977 350.8045375840
599.3254821102 350.7406112016
599.6308513242 349.9442871022
599.6308513242 349.9442871022
599.6308513242 349.9442871022
599.6933069792 349.8308014518
599.6654339603 349.8816647842
599.4412673791 350.8320564891
599.3977915904 350.8243756931
599.3827643967 350.7477256680
599.3827643967 350.7477256680
599.4260908505 350.7735337858
599.4260908505 350.7735337858
599.4260908505 350.7735337858
599.4260908505 350.7735337858
599.4260908505 350.7735337858
599.4260908505 350.7735337858
599.4260908505 350.7735337858
599.4532945253 350.7569745414
599.4532945253 350.7569745414
599.4532945253 350.7569745414
599.4532945253 350.7569745414
599.3976873219 350.7655883825
599.3976873219 350.7655883825
599.3976873219 350.7655883825
599.5059947728 350.6131454910
