598.0302530557 349.9633155874
595.9837743517 349.9323943148
593.9714114357 349.8601922462
591.9439577779 349.7447990041
589.9155119021 349.6553016710
587.9287356701 349.5936618634
585.8187585223 349.4994374964
583.7925391142 349.3900705998
581.8323201583 349.2219411083
579.7865957625 349.0156970635
577.7995679624 348.8885072273
575.7732790928 348.7262882088
573.7951395569 348.6423511211
571.7951080077 348.4949164106
569.8238286823 348.3289140320
567.8321033829 348.1604408152
565.8399424600 348.0019279274
563.7874633744 347.8866235322
561.7685873235 347.8218607858
559.8232039926 347.8003057890
557.7991171076 347.6861452436
555.8388258268 347.5558273327
553.7894990569 347.4582727867
551.8151121275 347.3171704775
549.7792111527 347.1571180027
547.6925623392 347.0544714227
545.7503706490 346.9128895424
543.7902666302 346.7948520823
541.7587546959 346.5746839160
539.7542231146 346.4081631864
537.7297375483 346.1985584631
535.7479186545 345.9717044061
533.8132665119 345.7520606462
531.8300960100 345.6050901536
529.8442117965 345.4779481956
527.8664866100 345.3781742345
525.8736133241 345.2476390356
523.8522384509 345.1295185926
521.8296424711 344.9265985120
519.9271526406 344.7213303269
518.0231740794 344.5730622654
516.0371163629 344.4407891877
514.0947340996 344.3118948527
512.1658950968 344.1449237346
510.2167153021 344.0722597408
508.2795339058 344.0176667245
506.3031216224 343.9177821010
504.3819622708 343.5173561578
502.3985166892 343.4020744452
500.3915261596 343.3923614265
498.3944230939 343.4260469287
496.3570483576 343.4334047624
494.4290724377 343.4309436988
492.3647203298 343.4387801280
490.3257866501 343.3619320761
488.2715319212 343.2943795917
486.2750459217 343.3234806996
484.3023399318 343.2733733965
482.2793352671 343.0990721752
480.2609132839 342.8830432912
478.3211653522 342.7869223965
476.3306456307 342.7209997227
474.3743501315 342.6004141655
472.4220385703 342.5175227936
470.3886834780 342.4332120889
468.3624401847 342.3043055962
466.3274692190 342.0016409118
464.3669007681 341.6717571120
462.4247266072 341.4329018484
460.4734807407 341.2371159487
458.4666752779 340.9397863826
456.4229662311 340.8787403251
454.4512137432 340.6341084139
452.4130123161 340.3054463110
450.4472981180 339.9544782441
448.3760231779 339.7110194872
446.3634530531 339.5340182630
444.3951216375 339.4342956496
442.4243315011 339.4058172157
440.3835607661 339.3925179109
438.3617134263 339.1239054267
436.4164354714 338.8287023707
434.3873764206 338.5102659377
432.4591408216 338.1171145854
430.5059996307 337.6488508670
428.5665780564 337.2947921327
426.6202548641 336.9363875071
424.6416705173 336.5035192496
422.7066742859 336.1183879278
420.7049441182 335.7194546261
418.8206907366 335.3105299140
416.8812638306 334.8079806901
414.8852392108 334.3592183696
412.9430400940 333.8642708242
410.9700233147 333.4603746188
408.9969828893 333.0614516409
407.0701168181 332.6538647181
404.8853570429 331.9144700132
402.9135113172 331.4194592880
400.9929656624 330.9093482598
398.9595516044 330.3974214793
396.9793226277 329.9260883095
394.9721471131 329.4460511540
393.0298547870 329.0188328045
391.1187587976 328.6411464225
389.1987597414 328.2528376691
387.1669138567 327.9076680429
385.1741275289 327.4867698369
383.2105943757 327.2080464645
381.2690043517 326.8873398014
379.2914006800 326.5868530131
377.3178846251 326.2770294611
375.4525507519 325.9921241394
373.5608644672 325.6588433375
371.5885517177 325.3204788815
369.6547252468 324.9171683718
367.6646142877 324.5129758192
365.7698488366 324.0927034333
363.8609959127 323.6114026492
361.7398566711 323.3879133670
359.8010642007 322.8784976192
357.8740398552 322.4456108697
355.9566497776 321.9705799766
354.0513415472 321.4721921808
352.1453806845 320.9981563814
350.2068560890 320.5396557510
348.3519244455 320.2182968107
346.4298350130 319.8327948745
344.5310157473 319.4551009408
342.5610060329 319.0624716265
340.5534126179 318.6700405205
338.6271954268 318.2540523006
336.6876530889 317.8374881422
334.7432544381 317.4063741923
332.7643398076 316.9574699204
330.7779891263 316.5966970515
328.7475295065 316.2286546039
326.7804429383 315.8834588876
324.7797046249 315.5339212616
322.7498676121 315.1917552906
320.8482605328 314.8590899258
318.8892086046 314.5678648904
317.0089748735 314.2850047448
315.0108786950 314.0044535487
313.0571982861 313.6790059339
311.0744219170 313.3533980257
309.2380679532 312.8728709787
307.2883233516 312.5697146423
305.3001565798 312.2675493223
303.3877476542 311.9250730693
300.9549788678 311.5696945633
299.0347520350 311.2281677086
297.0095483124 310.8857801789
295.0015132340 310.5098691700
293.0116276365 310.1748497857
291.1464076996 309.8296242218
289.2171892520 309.5110613114
287.2622933717 309.1627130188
285.3170497886 308.8849045240
283.3434245464 308.5517108607
281.4079895965 308.1838475593
279.4367583603 307.7788095391
277.4516447272 307.4022884728
275.5290127375 307.0481365949
273.4867361307 306.7529485610
271.4584578953 306.4029764098
269.5633895226 306.1706808130
267.6576194088 305.7774638816
265.7358430882 305.4650933309
263.7662780501 305.1204712434
261.7203095510 304.7200987735
259.8136176497 304.3238873185
257.8484209170 303.9192219936
255.8926977880 303.5504479403
253.9557929103 303.1737916991
251.9701830405 302.8014580825
250.0184028373 302.4502572572
248.0075103490 302.0681041755
245.9206462204 301.6365646309
243.9828639746 301.2711594826
241.9823646647 300.8786182878
239.9632187565 300.5106691829
237.9563157003 300.1574149461
236.0277771430 299.7747578044
234.0903131291 299.4969757151
232.1485690727 299.3139329336
230.1102914189 299.1868206665
228.0571466374 299.0319910977
226.0463678713 298.6788579227
224.2215982762 298.4217190432
222.2491706216 298.1159500167
220.2494563981 297.8494656878
219.3031027963 298.2310559092
218.6800967827 299.0240588900
218.5435574530 300.0159035162
218.2485597643 301.9639377562
218.0577684448 303.9522120086
217.8345180881 305.9051516246
217.5305455593 307.8725160370
217.2678540756 309.8714059787
216.9520325749 311.8207079183
216.6772292640 313.7989491279
216.3879770856 315.8142055762
216.0981161099 317.6842386423
215.8587996969 319.6902673053
215.5706888734 321.6866456560
215.2518498395 323.6498384059
214.9902577794 325.6060202824
214.6511770631 327.6050440602
214.4778764724 329.5360985593
214.2729058420 331.4838533963
213.9682577420 333.4570657250
213.7002801045 335.4493354525
213.4137856862 337.4147451588
212.7919020875 338.1981211196
211.8446466992 338.5771791274
210.8591383982 338.4395745586
208.8715494638 338.1349738427
207.0411657738 337.9521190516
205.0698836357 337.6852310901
203.0993162044 337.4666461703
201.0765420069 337.1664371594
199.1021811024 336.8856274922
197.1518476910 336.6081402219
195.2516849560 336.2717546117
193.2303429797 335.9746917604
191.2660644224 335.6694018864
189.2811139884 335.1779456191
187.2837610263 334.9297977092
185.3376698180 334.6218410035
183.4063750385 334.3488499413
181.4304834016 333.9650645347
179.4626663820 333.6964262212
177.4923335344 333.3976716279
175.4237190054 333.1148884628
173.4617638844 332.8353446213
171.4995315380 332.6182067503
169.4775991044 332.3017401684
167.4703473710 332.0020047439
165.3425459086 331.7884412190
163.3482669024 331.5097833715
161.3764829916 331.2026227281
159.3663502778 330.8792070135
157.4411161424 330.5862218088
155.5228440695 330.2815028327
153.5237196055 329.9544733223
151.4803896415 329.6464602536
149.5955241451 329.3371992618
147.5794066022 329.0536215284
145.5977701813 328.7107550358
143.7002250847 328.3797104875
141.7461002827 328.0640668594
139.7779210746 327.7435084026
137.8948821180 327.4656594086
136.0478789396 327.0912945509
133.8476041129 326.7390754746
131.8716063626 326.4115909708
129.9052790790 326.1226282551
127.9578133209 325.8890980259
125.7788244065 325.6322226671
123.6774439590 325.4119816973
121.6907648934 325.0975343636
120.9272661347 324.4705031217
120.5579571220 323.5349008001
120.7102983134 322.5552374472
121.0424205315 320.5617064111
121.3948989284 318.5740977178
121.7019704627 316.5472122748
121.8853858210 314.4648640187
122.2210923117 312.4951194973
122.5080039612 310.5320866645
122.7749218523 308.5460261297
123.0153366546 306.5771993654
123.3199430349 304.5963846908
123.5990450531 302.6491628910
123.8511011840 300.7005570767
124.1559252171 298.6630480625
124.4679142017 296.6483989155
124.7198803613 294.7217366918
124.9743126195 292.7452669297
125.2824640782 290.7877551586
125.5642935107 288.8286444269
125.8719490268 286.8633349198
126.1775721453 284.8371908257
126.4305105905 282.8896438191
126.7521207348 280.9227924208
127.1378145525 279.0218806878
127.4128062651 277.0119135255
127.7272348987 274.9510951686
128.0105142549 272.9279813699
128.3615016033 270.9588352284
128.6617557669 268.9062841076
128.9934222238 266.8908269430
129.2966760674 264.8764591834
129.7036115736 262.7923216653
130.0581117883 260.8664233089
130.3909217913 258.8782230245
130.6686467478 256.8533916490
130.9380044941 254.8959238215
131.2779327506 252.9193153678
131.6151557295 250.9191888550
131.8958944689 248.9391930054
132.2089045530 246.9302544421
132.5186352600 244.9328577056
132.8803404007 242.9352956000
133.1868579608 240.9529457951
133.5889475645 238.9521016073
133.9909221441 236.9080320259
134.3741116058 234.9824676528
134.8189534686 233.1090077328
135.2183580668 231.1484203497
135.4856351073 228.9284680270
135.8134854483 226.9402845305
136.1654911975 224.9735173520
136.5372558395 223.0347388220
136.8517100073 221.2699563979
137.2288437805 219.2942927070
137.8439162163 218.5378041963
138.7851538513 218.2003760278
139.7447444326 218.3852497008
141.7135059334 218.6911129705
143.7105612244 219.0222750157
145.6784742682 219.3074067715
147.6008067367 219.5997901953
149.6145671317 219.9246271567
151.5587590728 220.2727410691
153.5047903533 220.5998063868
155.4707098960 220.8857587192
157.4238641337 221.2082267007
159.4006374336 221.5360574131
161.3831898626 221.8499833819
163.3520567266 222.2067380461
165.3517773541 222.5920766396
167.2233215729 222.9905138860
169.3074555574 223.2304507743
171.3428786973 223.5338960809
173.3278775219 223.8921469869
175.2336992181 224.1739762444
177.2331893047 224.4773368868
179.1898480290 224.7961967105
181.1101488971 225.1406318721
183.0388212660 225.5117822052
184.9755326977 225.8399108357
186.9440696930 226.1938511906
188.8978636863 226.5661866367
190.8790540693 226.8513617583
192.8707818356 227.1567861177
194.8149137311 227.5200845344
196.7025065358 227.9020648039
198.7038842678 228.1895377070
200.7448896543 228.4891149886
202.7954672922 228.8591467565
204.7402209212 229.2795932769
206.6926642236 229.5933364197
208.6929443762 229.9110018565
210.6572259649 230.2309673286
212.6586757027 230.5652304564
214.5754791566 230.8734335561
216.7318467874 231.2068083964
219.0255696528 231.4483281548
220.9890622946 231.6418622346
222.9453903179 231.9142674690
225.1013601308 231.9968648211
227.0429041313 232.3067116238
229.0602772925 232.6611186776
229.8493043771 233.3066075593
230.1999667201 234.2491424625
230.0308280236 235.2199850457
229.5629959667 237.2798779295
229.2066573057 239.2226990603
228.8798080413 241.1955821076
228.5595251921 243.2325337817
228.2090993271 245.2466855294
227.8155268015 247.1618319689
227.4465649030 249.1267910192
227.0810873612 251.0491448723
226.7698030361 252.9540558197
226.4456290750 254.8720229042
226.0812853511 256.8497934555
225.7678455128 258.8343822425
225.4047354899 260.7291648096
225.0987556876 262.7371531711
224.7871075998 264.7113584886
224.4669923595 266.6833176189
224.1729427998 268.6738953022
223.8548040884 270.6727888382
223.5662269685 272.6274701222
223.2632545164 274.5823504426
222.9179505464 276.5537541027
222.5629181887 278.5324820289
222.2304394831 280.5026995239
221.8520381062 282.4204461192
221.5364918368 284.3835899330
221.2038056608 286.3586461921
220.8546372697 288.3134411006
220.5071932508 290.2178319029
220.8404225904 291.1464445640
221.6028955544 291.7863641140
222.5889417848 291.9720931326
224.5285389586 292.2758100848
226.4758143782 292.5470146088
228.4282928518 292.8798865549
230.4094017885 293.2485033336
232.3765262572 293.5748430216
234.3824645156 293.8954673803
236.3150015477 294.2443073626
238.2950898970 294.5273068842
240.3025657984 294.8398513829
242.2314468063 295.2340056366
244.1625354689 295.5450872308
246.0331038942 295.8837143954
247.9698700766 296.2170650878
250.0342357794 296.5049726530
251.9944983310 296.8452228339
253.9487014316 297.1799943246
255.9381390872 297.5482302996
257.9416728349 297.9515543789
259.9637091131 298.2738796707
261.9494661423 298.5548563604
263.9416906680 298.8851210407
265.9454342598 299.2290032388
267.8194871449 299.5871141692
269.7983602271 299.8680777517
271.7989285386 300.2396600997
273.7161921686 300.5715060257
275.7026601923 300.8780746346
277.7249836909 301.2596216293
279.7027578937 301.6205259429
281.6827224753 301.9892129297
283.6463477493 302.3037327344
285.5812012767 302.6475120567
287.5042253374 303.0075858195
289.4379209397 303.4117262920
291.4297877793 303.7629599379
293.3991318341 304.0796220389
295.3301710332 304.4196528292
297.2726047916 304.7749681243
299.2027397983 305.1117840068
300.1490513187 304.7858326078
300.8004319896 304.0298547257
300.9757703235 303.0398673019
301.2829966800 301.0697463257
301.5963762265 299.0893170874
302.0321955284 297.0514448168
302.3779944094 295.0631760146
302.7470020033 293.1186102209
303.0923811926 291.1717640059
303.4950765900 289.1629176931
303.8554668238 287.2025445879
304.2102081100 285.2546660757
304.5342314106 283.2741640026
304.8346691420 281.3024532673
305.1570096477 279.1653277249
305.4120507024 277.0376738941
304.7015724704 275.1175615854
303.9796284655 273.2979599868
303.1823742067 271.4893538687
302.4619440377 269.6398299387
301.7688126449 267.7502706095
301.0923060043 265.8142372164
300.4771470767 263.9331116261
299.8236768817 262.0989338556
299.1817713810 259.9215137153
298.7271091991 258.0010246488
298.1593318620 256.0678850243
297.5465316219 254.2149057244
296.9370500267 252.3281830117
296.3318622171 250.3961833498
296.5566383863 249.4236399106
297.2306431089 248.6997143813
298.6173435021 247.2565423859
299.9630592532 245.8018019843
301.3430536047 244.2664912161
302.6631014278 242.8067987107
303.9930401582 241.3374042292
305.3903058853 239.7883210652
306.7451523763 238.3146325219
308.1126811478 236.7766575397
309.4381800472 235.3249724954
310.4012032331 235.0263222093
311.3805845934 235.2492553492
312.1028916980 235.9300711356
312.4024605085 236.9003306983
312.1900901946 237.8677737383
311.7723544996 239.9446915951
311.3744235512 241.9582059395
310.9986006255 243.9193838227
310.5887044174 245.8872969514
310.1518412161 247.8543204026
309.7180900580 249.8121560438
309.2690930959 251.7590304300
308.8446454747 253.7753179201
308.4568204712 255.7690871948
308.0274306307 257.7499670308
307.6027328474 259.6664684731
307.2127077501 261.6223800043
306.8221394625 263.5741393672
306.4885914789 265.5549243721
306.1839609857 267.4816702265
305.8537115845 269.4408858761
305.4967616886 271.4211667508
305.1213179495 273.3866535657
304.7849106042 275.3631215047
304.4114928053 277.3345343604
304.0733418212 279.2800261918
303.7481100241 281.2390010253
303.3930020774 283.1764546443
302.9915479311 285.1714865927
302.5566913179 287.1548608621
302.2402814215 289.1398549468
301.9353314728 291.1041433122
301.5862214027 293.0682329680
301.2685855132 295.0924341569
300.9415101566 297.0399843565
301.3032435108 297.9846462011
302.0959523642 298.6321999206
303.0875608571 298.8067162503
305.0923323097 299.1132713442
307.0350980883 299.4331185089
308.9959489031 299.7904811079
311.0006327685 300.1250702125
312.9524539367 300.4594086533
314.9168797491 300.8709730968
316.9091729676 301.1799679383
318.8781381506 301.5233230822
320.8597794616 301.8939944422
322.8433105952 302.2415001392
324.8136279033 302.5611260473
326.7920597104 302.9167095584
328.7862484457 303.1906808095
330.7645303774 303.5184581984
332.6897789578 303.8550342809
334.6603176967 304.2362180352
336.5655805468 304.5750586648
338.5454749410 304.9078396201
340.5113475954 305.2797719723
342.4969182896 305.6512519871
344.4371705552 306.0102944691
346.3846674771 306.3957236688
348.4417720351 306.7935887611
350.3872695199 307.1937619752
352.2634334282 307.5097276202
354.2036198631 307.9204576229
356.2087881300 308.2722312141
358.2099692017 308.6385742065
360.1838561955 309.0267568896
362.1254655299 309.4183475015
364.1191303331 309.8000509422
366.0909212153 310.1992427832
368.0754453337 310.5630146630
369.9427374697 310.9660555631
371.8736937112 311.4007400535
373.8215149553 311.8469544839
375.8701043190 312.2006886416
377.8023102533 312.5507215291
379.5427357748 312.8978960393
381.5436069848 313.1919637755
383.5109350916 313.5607621402
385.4655858258 313.9173111414
387.4636834237 314.2683441026
389.4041855903 314.6246994555
391.3595597351 314.9669546750
393.4486481590 315.4103012197
395.5475583096 315.7939484298
397.4827811366 316.1229861987
399.5305217863 316.4590136179
401.4869187567 316.8210738666
403.4990394586 317.1728493486
405.5439185117 317.4858075287
407.6454024679 317.6527431282
409.5435458020 317.9431287998
411.4960814365 318.2277451725
413.6343846394 318.4294564622
415.3605900237 318.7298266927
417.2744669233 319.0728820894
419.3419434936 319.3993130767
421.3552227579 319.6475212597
423.3493181221 319.9646734724
425.3199807801 320.3109347200
427.4708589840 320.3369964664
429.4451690844 320.6182259912
431.4258389897 320.8566180001
433.4106666711 321.0871578205
435.4184312944 321.3385612298
437.4447424235 321.5685770048
439.4614890747 321.8015139782
441.4222202222 322.0351710929
443.4790007921 322.2710901771
445.4613743836 322.4903415557
447.4438355550 322.7881104985
449.4278944169 323.0641145230
451.4356704163 323.3578900781
453.4828210717 323.5788317090
455.5458346803 323.7678821861
457.4982904312 323.9356793139
459.7977639283 324.1886345972
461.7527353929 324.4051096092
463.7146370615 324.7042716888
465.6677143804 325.0269213892
467.6143459677 325.4371050271
469.5158263678 325.8333530158
471.5133738319 326.2072007436
473.5182271807 326.4725262783
475.6201588584 326.8459654661
477.6514352986 327.1545635811
479.6118364854 327.4856397819
481.6575164498 327.6929350212
483.6246939417 327.9769466727
485.5975633171 328.1802466235
487.6731445789 328.4227952387
489.6479864529 328.5992289190
491.6989749349 328.8029185601
493.6764818555 329.0868068805
495.5779234975 329.3948243945
497.5053518525 329.7369815862
499.4394135874 330.0759761076
501.3148033502 330.4368385629
503.3235668218 330.7693506039
505.2670206643 331.1764737003
507.2021880193 331.6438533733
509.1154152638 332.1778695187
511.0895039362 332.6275673340
512.9663259174 333.0180207927
514.8924352723 333.4124966496
516.7985694572 333.8061315693
518.7699918368 334.1972634492
520.7120160518 334.6050209990
522.6596999464 334.9797237059
524.6402647317 335.4028099415
526.6247205550 335.8748233669
528.5866005675 336.3268341651
530.5510273659 336.7919692134
532.4796091781 337.2318560162
534.4110423528 337.7996763588
536.3995195068 338.3218220151
538.3506360232 338.8772023003
540.2881435122 339.3144166706
542.2261881027 339.7083848443
544.1584781092 340.0766584149
546.1598052934 340.4658864509
548.1474587224 340.8848611926
550.1104754872 341.2986106307
552.0848866105 341.7020727065
553.9731439609 342.1412399630
555.9635443748 342.5531330971
557.9392984073 342.9184308603
559.9929181674 343.2021566636
561.9561100549 343.5144425737
563.9234518898 343.9364309205
565.8950394929 344.3195734216
567.8678743704 344.6400634633
569.8554902858 344.9692749858
571.8935460220 345.0820512800
573.9057791944 345.3491423435
575.8857973377 345.5629513607
577.8433464968 345.7079488511
579.8750766841 345.8247523163
581.9036029539 346.0793859454
583.9776700792 346.4256421597
585.9452702484 346.8004192617
587.9355209415 347.2784646286
589.8979604343 347.7582578352
591.7926044777 348.2406058696
593.7736981487 348.7559693207
595.7043239103 349.2175134285
597.7140041565 349.7178429337
599.6377215011 350.2759467583
